osu file format v14

[General]
AudioFilename: audio.ogg
AudioLeadIn: 0
PreviewTime: 60319
Countdown: 0
SampleSet: Soft
StackLeniency: 0.7
Mode: 3
LetterboxInBreaks: 0
EpilepsyWarning: 1
SpecialStyle: 0
WidescreenStoryboard: 1

[Editor]
Bookmarks: 657,5688,25898,32530,40108,60319,80529,83056,85582,93161,103267,110845,121267,130109,140214,149056,151464,171674,177591,201354,211459,231669,239248
DistanceSpacing: 1
BeatDivisor: 16
GridSize: 4
TimelineZoom: 2.25

[Metadata]
Title:Static
TitleUnicode:Static
Artist:FLAVOR FOLEY
ArtistUnicode:FLAVOR FOLEY
Creator:Monoseul
Version:It's Easy!
Source:
Tags:feat. ft. 初音ミク hatsune miku jamiep Jamie Paige Vane Lily ricedeity VLY V.L.Y. malvertised enid ch. channel jerma985 Saki Fujita 咲 藤田 electronic english pop vocaloid ego crt vhs nostalgia hybrid ln long note notiijohn0 iijohn0
BeatmapID:5154388
BeatmapSetID:2383590

[Difficulty]
HPDrainRate:6.5
CircleSize:4
OverallDifficulty:6.5
ApproachRate:5
SliderMultiplier:1.4
SliderTickRate:1

[Events]
//Background and Video events
0,0,"static.jpg",0,0
Video,641,"video.avi"
//Break Periods
//Storyboard Layer 0 (Background)
//Storyboard Layer 1 (Fail)
//Storyboard Layer 2 (Pass)
//Storyboard Layer 3 (Foreground)
//Storyboard Layer 4 (Overlay)
//Storyboard Sound Samples
Sample,38214,0,"yay_cut0.ogg",55
Sample,59687,0,"yay.ogg",55
Sample,60161,0,"jerma_wooah.ogg",55
Sample,92372,0,"jerma_fazbear.ogg",55
Sample,92845,0,"yay_cut1.ogg",55
Sample,151464,0,"yay.ogg",55
Sample,211459,0,"yay.ogg",55
Sample,221248,0,"yay.ogg",55
Sample,231353,0,"yay.ogg",55

[TimingPoints]
657,315.78947368421,4,2,1,15,1,0
1920,310.23784901758,4,2,1,15,1,0
1920,-102.040816326531,4,2,1,15,0,0
3161,318.471337579618,4,2,1,15,1,0
3161,-99.009900990099,4,2,1,15,0,0
3479,326.086956521739,4,2,1,15,1,0
3479,-97.0873786407767,4,2,1,15,0,0
3805,306.122448979592,4,2,1,15,1,0
3805,-103.092783505155,4,2,1,15,0,0
4111,312.5,4,2,1,15,1,0
4111,-101.010101010101,4,2,1,15,0,0
4424,321.71581769437,4,2,1,15,1,0
4424,-98.0392156862745,4,2,1,15,0,0
4746,316.622691292876,4,2,1,15,1,0
5062,312.825860271115,4,2,1,15,1,0
5062,-101.010101010101,4,2,1,15,0,0
5688,315.78947368421,4,2,1,50,1,0
25898,315.78947368421,3,2,1,50,1,0
32530,315.78947368421,4,2,1,50,1,0
35056,-100,4,2,1,20,0,0
38214,-100,4,2,1,50,0,0
40108,-100,4,2,1,15,0,0
50214,-100,4,2,1,25,0,0
60319,-100,4,2,1,70,0,1
81793,-100,4,2,1,50,0,0
103267,315.78947368421,3,2,1,50,1,0
110845,-100,3,2,1,70,0,0
121267,315.78947368421,4,2,1,50,1,0
130109,-100,4,2,1,15,0,0
140214,-100,4,2,1,25,0,0
149056,322.58064516129,7,2,1,35,1,0
149056,-97.8947368424968,7,2,1,35,0,0
149378,333.333333333333,7,2,1,35,1,8
149378,-94.7368421048643,7,2,1,35,0,0
149711,375,7,2,1,35,1,8
149711,-84.2105263157895,7,2,1,35,0,0
150833,315.78947368421,2,2,1,35,1,8
151464,315.78947368421,4,2,1,70,1,1
174201,315.78947368421,4,2,1,70,1,1
174517,315.78947368421,4,2,1,70,1,1
174833,315.78947368421,4,2,1,70,1,1
175148,315.78947368421,4,2,1,70,1,1
175464,200,4,2,1,70,1,1
175464,-158.730158730159,4,2,1,70,0,1
175664,139.53488372093,4,2,1,70,1,9
175664,-227.272727272727,4,2,1,70,0,1
175803,137.931034482758,4,2,1,70,1,9
175803,-227.272727272727,4,2,1,70,0,1
175940,130.434782608696,4,2,1,70,1,9
175940,-243.90243902439,4,2,1,70,0,1
176070,109.090909090909,4,2,1,70,1,9
176070,-285.714285714286,4,2,1,70,0,1
176179,90.09009009009,4,2,1,70,1,9
176179,-344.827586206897,4,2,1,70,0,1
176539,90.09009009009,4,2,1,70,1,9
176539,-344.827586206897,4,2,1,70,0,9
176899,90.09009009009,4,2,1,70,1,9
176899,-344.827586206897,4,2,1,70,0,9
177260,82.5309491059146,4,2,1,70,1,9
177260,-384.615384615385,4,2,1,70,0,1
177591,318.979266347687,4,2,1,10,1,0
177591,-99.009900990099,4,2,1,10,0,0
177910,372.43947858473,4,2,1,10,1,0
177910,-84.7457627118644,4,2,1,10,0,0
178282,361.663652802893,4,2,1,10,1,0
178282,-86.9565217391304,4,2,1,10,0,0
179006,397.614314115308,4,2,1,10,1,0
179006,-79.3650793650794,4,2,1,10,0,0
179403,324.499729583559,4,2,1,10,1,0
179403,-97.0873786407767,4,2,1,10,0,0
179728,368.324125230203,4,2,1,10,1,0
179728,-85.4700854700855,4,2,1,10,0,0
180096,388.60103626943,4,2,1,10,1,0
180096,-81.3008130081301,4,2,1,10,0,0
180388,361.44578313253,4,2,1,10,1,0
180388,-87.719298245614,4,2,1,10,0,0
180749,372.670807453416,4,2,1,10,1,0
180749,-84.7457627118644,4,2,1,10,0,0
181122,342.857142857143,4,2,1,10,1,0
181122,-91.743119266055,4,2,1,10,0,0
181807,359.281437125749,4,2,1,10,1,0
181807,-87.719298245614,4,2,1,10,0,0
182167,368.098159509203,4,2,1,10,1,0
182167,-85.4700854700855,4,2,1,10,0,0
182535,333.333333333333,4,2,1,10,1,0
182535,-94.3396226415094,4,2,1,10,0,0
182868,342.857142857143,4,2,1,10,1,0
182868,-91.743119266055,4,2,1,10,0,0
183211,348.837209302326,4,2,1,10,1,0
183211,-90.9090909090909,4,2,1,10,0,0
183909,352.941176470588,4,2,1,10,1,0
183909,-89.2857142857143,4,2,1,10,0,0
184615,317.460317460318,4,2,1,10,1,0
184615,-99.009900990099,4,2,1,10,0,0
184932,392.156862745098,4,2,1,10,1,0
184932,-80.6451612903226,4,2,1,10,0,0
185324,375,4,2,1,10,1,0
185324,-84.0336134453782,4,2,1,10,0,0
186074,346.820809248555,4,2,1,10,1,0
186074,-90.9090909090909,4,2,1,10,0,0
186768,355.029585798817,4,2,1,10,1,0
186768,-89.2857142857143,4,2,1,10,0,0
187478,339.366515837104,4,2,1,10,1,0
187478,-93.4579439252336,4,2,1,10,0,0
187817,379.027163613393,4,2,1,10,1,0
187817,-83.3333333333333,4,2,1,10,0,0
188197,354.400472533963,4,2,1,10,1,0
188197,-89.2857142857143,4,2,1,10,0,0
188906,281.293952180028,4,2,1,10,1,0
188906,-112.359550561798,4,2,1,10,0,0
189187,383.877159309021,4,2,1,10,1,0
189187,-82.2631578946398,4,2,1,10,0,0
189571,357.036596251116,4,2,1,10,1,0
189571,-88.4473684209379,4,2,1,10,0,0
190286,376.647834274952,4,2,1,10,1,0
190286,-83.842105263206,4,2,1,10,0,0
190663,335.570469798657,4,2,1,10,1,0
190663,-94.3396226415094,4,2,1,10,0,0
190998,393.442622950819,4,2,1,10,1,0
190998,-80,4,2,1,10,0,0
191366,325.20325203252,4,2,1,10,1,0
191366,-97.0873786407767,4,2,1,10,0,0
191691,371.517027863776,4,2,1,10,1,0
191691,-84.7457627118644,4,2,1,10,0,0
192062,313.643491897543,4,2,1,10,1,0
192062,-101.010101010101,4,2,1,10,0,0
192376,379.027163613392,4,2,1,10,1,0
192376,-83.3333333333333,4,2,1,10,0,0
192755,358.63717872086,4,2,1,10,1,0
192755,-87.719298245614,4,2,1,10,0,0
193114,376.647834274952,4,2,1,10,1,0
193114,-84.0336134453782,4,2,1,10,0,0
193490,332.778702163061,4,2,1,10,1,0
193490,-95.2380952380952,4,2,1,10,0,0
193823,298.656047784967,4,2,1,10,1,0
193823,-105.263157894737,4,2,1,10,0,0
194122,416.956219596941,4,2,1,10,1,0
194122,-75.7575757575758,4,2,1,10,0,0
194539,354.191263282171,4,2,1,10,1,0
194539,-89.2857142857143,4,2,1,10,0,0
195247,333.518621456364,4,2,1,10,1,0
195247,-94.3396226415094,4,2,1,10,0,0
195581,351.08250438853,4,2,1,10,1,0
195581,-90.0900900900901,4,2,1,10,0,0
195932,352.319436288901,4,2,1,10,1,0
195932,-89.2857142857143,4,2,1,10,0,0
197337,323.799244468429,4,2,1,10,1,0
197337,-97.0873786407767,4,2,1,10,0,0
199274,315.78947368421,4,2,1,25,1,0
199431,312.499999999999,4,2,1,25,1,8
199431,-101.010101010101,4,2,1,25,0,0
199587,248.962655601659,4,2,1,25,1,8
199587,-126.582278481013,4,2,1,25,0,0
199711,241.935483870967,4,2,1,25,1,8
199711,-129.87012987013,4,2,1,25,0,0
199831,214.285714285714,4,2,1,25,1,8
199831,-147.058823529412,4,2,1,25,0,0
199938,191.693290734824,4,2,1,25,1,8
199938,-163.934426229508,4,2,1,25,0,0
200033,176.991150442478,4,2,1,25,1,8
200033,-178.571428571429,4,2,1,25,0,0
200121,215.05376344086,4,2,1,25,1,8
200121,-147.058823529412,4,2,1,25,0,0
200371,206.185567010309,4,2,1,25,1,8
200371,-153.846153846154,4,2,1,25,0,0
200508,178.571428571429,4,2,1,25,1,8
200508,-175.438596491228,4,2,1,25,0,0
200627,168.539325842697,4,2,1,25,1,8
200627,-187.368421055629,4,2,1,25,0,0
200739,145.278450363196,4,2,1,25,1,8
200739,-217.391304347826,4,2,1,25,0,0
200835,145.278450363196,4,2,1,25,1,8
200835,-217.391304347826,4,2,1,25,0,0
200931,124.223602484472,4,2,1,25,1,8
200931,-256.410256410256,4,2,1,25,0,0
201013,118.343195266272,4,2,1,25,1,8
201013,-270.27027027027,4,2,1,25,0,0
201091,112.781954887218,4,2,1,25,1,8
201091,-277.777777777778,4,2,1,25,0,0
201166,104.895104895105,4,2,1,25,1,8
201166,-303.030303030303,4,2,1,25,0,0
201235,98.8467874794068,4,2,1,25,1,8
201235,-322.58064516129,4,2,1,25,0,0
201300,82.135523613963,4,2,1,25,1,8
201300,-384.615384615385,4,2,1,25,0,0
201354,315.78947368421,4,2,1,50,1,0
211459,-100,4,2,1,70,0,1
239248,-100,4,2,1,70,0,0


[HitObjects]
64,192,657,128,0,1920:0:0:0:0:
192,192,1920,128,0,3161:0:0:0:0:
64,192,3161,1,0,0:0:0:0:
320,192,3161,128,0,3805:0:0:0:0:
192,192,3805,1,0,0:0:0:0:
448,192,3805,128,0,4424:0:0:0:0:
64,192,4423,1,0,0:0:0:0:
192,192,4746,1,0,0:0:0:0:
320,192,5062,128,0,5374:0:0:0:0:
448,192,5374,128,0,5688:0:0:0:0:
64,192,5688,1,0,0:0:0:0:
320,192,5688,1,0,0:0:0:0:
192,192,6003,1,0,0:0:0:0:
320,192,6319,1,0,0:0:0:0:
448,192,6951,1,0,0:0:0:0:
448,192,7424,1,0,0:0:0:0:
64,192,7898,1,0,0:0:0:0:
192,192,8214,1,0,0:0:0:0:
448,192,8687,1,0,0:0:0:0:
320,192,9161,1,0,0:0:0:0:
64,192,9477,128,0,9793:0:0:0:0:
64,192,10740,1,0,0:0:0:0:
192,192,11056,1,0,0:0:0:0:
320,192,11372,1,0,0:0:0:0:
192,192,12003,1,0,0:0:0:0:
192,192,12477,1,0,0:0:0:0:
64,192,12951,1,0,0:0:0:0:
448,192,13266,1,0,0:0:0:0:
320,192,13740,1,0,0:0:0:0:
192,192,14214,1,0,0:0:0:0:
64,192,14530,128,0,14845:0:0:0:0:
64,192,15793,1,0,0:0:0:0:
192,192,16109,1,0,0:0:0:0:
320,192,16424,1,0,0:0:0:0:
448,192,17056,1,0,0:0:0:0:
448,192,17530,1,0,0:0:0:0:
192,192,18003,1,0,0:0:0:0:
320,192,18319,1,0,0:0:0:0:
192,192,18793,1,0,0:0:0:0:
448,192,19266,1,0,0:0:0:0:
64,192,19582,128,0,19898:0:0:0:0:
64,192,20845,1,0,0:0:0:0:
192,192,21161,1,0,0:0:0:0:
320,192,21477,1,0,0:0:0:0:
64,192,22109,1,0,0:0:0:0:
64,192,22582,1,0,0:0:0:0:
192,192,23056,1,0,0:0:0:0:
448,192,23372,1,0,0:0:0:0:
320,192,23845,1,0,0:0:0:0:
64,192,24319,1,0,0:0:0:0:
448,192,24635,128,0,24951:0:0:0:0:
64,192,25898,1,0,0:0:0:0:
64,192,26213,1,0,0:0:0:0:
64,192,26529,128,0,26845:0:0:0:0:
448,192,26845,1,0,0:0:0:0:
448,192,27161,1,0,0:0:0:0:
448,192,27476,128,0,27792:0:0:0:0:
192,192,27792,1,0,0:0:0:0:
320,192,28108,1,0,0:0:0:0:
192,192,28424,1,0,0:0:0:0:
320,192,28740,1,0,0:0:0:0:
192,192,29055,1,0,0:0:0:0:
320,192,29371,128,0,29687:0:0:0:0:
64,192,29687,1,0,0:0:0:0:
64,192,30003,1,0,0:0:0:0:
64,192,30319,1,0,0:0:0:0:
448,192,30634,1,0,0:0:0:0:
448,192,30950,1,0,0:0:0:0:
448,192,31266,1,0,0:0:0:0:
64,192,31582,128,0,32055:0:0:0:0:
192,192,31582,128,0,32055:0:0:0:0:
320,192,32055,128,0,32530:0:0:0:0:
448,192,32055,128,0,32530:0:0:0:0:
64,192,32530,1,0,0:0:0:0:
192,192,32530,1,0,0:0:0:0:
192,192,32845,1,0,0:0:0:0:
320,192,33161,1,0,0:0:0:0:
64,192,33793,1,0,0:0:0:0:
192,192,34266,1,0,0:0:0:0:
320,192,34740,1,0,0:0:0:0:
64,192,35056,1,0,0:0:0:0:
448,192,35056,128,0,35372:0:0:0:0:
192,192,38214,128,0,38529:0:0:0:0:
320,192,38529,1,0,0:0:0:0:
64,192,38845,128,0,39161:0:0:0:0:
448,192,38845,128,0,39161:0:0:0:0:
64,192,39793,1,0,0:0:0:0:
192,192,40108,128,0,40740:0:0:0:0:
448,192,40740,128,0,41372:0:0:0:0:
320,192,41372,128,0,42003:0:0:0:0:
192,192,42003,1,0,0:0:0:0:
320,192,42319,1,0,0:0:0:0:
64,192,42635,1,0,0:0:0:0:
192,192,42951,1,0,0:0:0:0:
448,192,43266,1,0,0:0:0:0:
320,192,43582,1,0,0:0:0:0:
64,192,43898,128,0,44529:0:0:0:0:
64,192,44845,1,0,0:0:0:0:
320,192,45161,128,0,45793:0:0:0:0:
64,192,45793,128,0,46424:0:0:0:0:
192,192,46424,128,0,47056:0:0:0:0:
448,192,47056,128,0,47687:0:0:0:0:
320,192,47687,128,0,48951:0:0:0:0:
192,192,48951,1,0,0:0:0:0:
192,192,49898,1,0,0:0:0:0:
64,192,50214,128,0,50845:0:0:0:0:
448,192,50214,1,0,0:0:0:0:
448,192,50845,128,0,51477:0:0:0:0:
64,192,51477,1,0,0:0:0:0:
192,192,51477,128,0,52108:0:0:0:0:
448,192,52108,1,0,0:0:0:0:
320,192,52424,1,0,0:0:0:0:
64,192,52740,128,0,53056:0:0:0:0:
192,192,53056,1,0,0:0:0:0:
320,192,53372,128,0,53687:0:0:0:0:
448,192,53687,1,0,0:0:0:0:
64,192,54003,1,0,0:0:0:0:
192,192,54003,128,0,54319:0:0:0:0:
320,192,54635,1,0,0:0:0:0:
192,192,54951,1,0,0:0:0:0:
320,192,55266,1,0,0:0:0:0:
448,192,55266,1,0,0:0:0:0:
192,192,55687,1,0,0:0:0:0:
448,192,55898,1,0,0:0:0:0:
320,192,56319,1,0,0:0:0:0:
64,192,56529,1,0,0:0:0:0:
192,192,56951,1,0,0:0:0:0:
448,192,57161,1,0,0:0:0:0:
192,192,57582,1,0,0:0:0:0:
64,192,57793,128,0,59056:0:0:0:0:
448,192,57793,1,0,0:0:0:0:
448,192,58424,1,0,0:0:0:0:
320,192,59056,128,0,59687:0:0:0:0:
448,192,59056,128,0,59687:0:0:0:0:
64,192,59687,1,0,0:0:0:0:
192,192,59687,1,0,0:0:0:0:
192,192,60003,1,0,0:0:0:0:
320,192,60161,1,0,0:0:0:0:
64,192,60319,128,0,60635:0:0:0:0:
448,192,60319,128,0,60635:0:0:0:0:
320,192,60635,1,0,0:0:0:0:
64,192,60951,128,0,61266:0:0:0:0:
192,192,60951,128,0,61266:0:0:0:0:
320,192,61266,1,0,0:0:0:0:
64,192,61582,128,0,61898:0:0:0:0:
448,192,61582,128,0,61898:0:0:0:0:
192,192,61898,1,0,0:0:0:0:
320,192,62214,1,0,0:0:0:0:
448,192,62214,1,0,0:0:0:0:
64,192,62529,1,0,0:0:0:0:
192,192,62687,1,0,0:0:0:0:
320,192,62845,128,0,63161:0:0:0:0:
448,192,62845,128,0,63161:0:0:0:0:
192,192,63161,1,0,0:0:0:0:
64,192,63477,128,0,63793:0:0:0:0:
448,192,63477,1,0,0:0:0:0:
320,192,63793,1,0,0:0:0:0:
64,192,64108,128,0,64424:0:0:0:0:
192,192,64108,128,0,64424:0:0:0:0:
448,192,64424,1,0,0:0:0:0:
320,192,64582,1,0,0:0:0:0:
64,192,64740,1,0,0:0:0:0:
192,192,64740,1,0,0:0:0:0:
320,192,65056,1,0,0:0:0:0:
448,192,65056,1,0,0:0:0:0:
64,192,65372,128,0,65687:0:0:0:0:
448,192,65372,128,0,65687:0:0:0:0:
192,192,65687,1,0,0:0:0:0:
64,192,66003,128,0,66319:0:0:0:0:
320,192,66003,128,0,66319:0:0:0:0:
192,192,66319,1,0,0:0:0:0:
64,192,66635,128,0,66951:0:0:0:0:
448,192,66635,128,0,66951:0:0:0:0:
320,192,66951,1,0,0:0:0:0:
192,192,67266,1,0,0:0:0:0:
448,192,67266,1,0,0:0:0:0:
64,192,67582,1,0,0:0:0:0:
320,192,67898,1,0,0:0:0:0:
448,192,67898,128,0,68214:0:0:0:0:
192,192,68214,1,0,0:0:0:0:
64,192,68529,128,0,68845:0:0:0:0:
448,192,68529,1,0,0:0:0:0:
192,192,68845,1,0,0:0:0:0:
320,192,69161,128,0,69793:0:0:0:0:
448,192,69161,1,0,0:0:0:0:
64,192,69477,1,0,0:0:0:0:
448,192,69793,1,0,0:0:0:0:
192,192,70108,1,0,0:0:0:0:
320,192,70266,1,0,0:0:0:0:
64,192,70424,1,0,0:0:0:0:
448,192,70424,128,0,70898:0:0:0:0:
64,192,70898,1,0,0:0:0:0:
192,192,70898,1,0,0:0:0:0:
320,192,71214,1,0,0:0:0:0:
192,192,71529,1,0,0:0:0:0:
64,192,71687,128,0,72161:0:0:0:0:
448,192,71687,1,0,0:0:0:0:
320,192,72161,1,0,0:0:0:0:
448,192,72161,1,0,0:0:0:0:
64,192,72477,1,0,0:0:0:0:
448,192,72635,128,0,72951:0:0:0:0:
64,192,72951,128,0,73266:0:0:0:0:
192,192,72951,128,0,73266:0:0:0:0:
448,192,73424,1,0,0:0:0:0:
64,192,73582,1,0,0:0:0:0:
320,192,73898,1,0,0:0:0:0:
192,192,74056,128,0,74529:0:0:0:0:
448,192,74529,1,0,0:0:0:0:
320,192,74687,1,0,0:0:0:0:
64,192,74845,1,0,0:0:0:0:
192,192,74845,1,0,0:0:0:0:
320,192,75161,1,0,0:0:0:0:
448,192,75161,1,0,0:0:0:0:
64,192,75477,128,0,75951:0:0:0:0:
320,192,75951,128,0,76424:0:0:0:0:
448,192,75951,1,0,0:0:0:0:
64,192,76424,1,0,0:0:0:0:
192,192,76740,128,0,77214:0:0:0:0:
64,192,77214,1,0,0:0:0:0:
448,192,77214,128,0,77687:0:0:0:0:
320,192,77687,1,0,0:0:0:0:
64,192,78003,128,0,78319:0:0:0:0:
192,192,78003,1,0,0:0:0:0:
320,192,78319,1,0,0:0:0:0:
64,192,78635,1,0,0:0:0:0:
448,192,78635,128,0,78951:0:0:0:0:
192,192,78951,1,0,0:0:0:0:
320,192,79266,128,0,79898:0:0:0:0:
448,192,79266,1,0,0:0:0:0:
64,192,79582,1,0,0:0:0:0:
448,192,79898,1,0,0:0:0:0:
192,192,80214,1,0,0:0:0:0:
64,192,80529,1,0,0:0:0:0:
448,192,80529,1,0,0:0:0:0:
320,192,80766,1,0,0:0:0:0:
192,192,81003,1,0,0:0:0:0:
64,192,81161,1,0,0:0:0:0:
448,192,81398,1,0,0:0:0:0:
320,192,81635,1,0,0:0:0:0:
64,192,81793,1,0,0:0:0:0:
192,192,81793,1,0,0:0:0:0:
64,192,83056,1,0,0:0:0:0:
192,192,83372,1,0,0:0:0:0:
320,192,83687,1,0,0:0:0:0:
320,192,84319,1,0,0:0:0:0:
320,192,84793,1,0,0:0:0:0:
64,192,84951,1,0,0:0:0:0:
192,192,84951,1,0,0:0:0:0:
448,192,85266,1,0,0:0:0:0:
64,192,85582,1,0,0:0:0:0:
192,192,85898,1,0,0:0:0:0:
448,192,86214,1,0,0:0:0:0:
320,192,86529,1,0,0:0:0:0:
64,192,86845,128,0,87161:0:0:0:0:
448,192,87161,1,0,0:0:0:0:
192,192,87319,1,0,0:0:0:0:
320,192,87635,1,0,0:0:0:0:
64,192,88108,1,0,0:0:0:0:
448,192,88108,1,0,0:0:0:0:
192,192,88424,1,0,0:0:0:0:
320,192,88740,1,0,0:0:0:0:
64,192,89056,1,0,0:0:0:0:
448,192,89372,1,0,0:0:0:0:
320,192,89687,1,0,0:0:0:0:
192,192,90003,1,0,0:0:0:0:
448,192,90319,1,0,0:0:0:0:
64,192,90635,1,0,0:0:0:0:
320,192,90951,1,0,0:0:0:0:
192,192,91266,1,0,0:0:0:0:
448,192,91582,1,0,0:0:0:0:
64,192,91898,128,0,92214:0:0:0:0:
192,192,91898,1,0,0:0:0:0:
320,192,92372,1,0,0:0:0:0:
192,192,92529,1,0,0:0:0:0:
448,192,92845,128,0,93161:0:0:0:0:
64,192,93161,1,0,0:0:0:0:
192,192,93161,1,0,0:0:0:0:
320,192,93477,1,0,0:0:0:0:
448,192,93793,1,0,0:0:0:0:
64,192,94108,1,0,0:0:0:0:
448,192,94424,1,0,0:0:0:0:
192,192,94740,1,0,0:0:0:0:
64,192,95056,1,0,0:0:0:0:
448,192,95372,1,0,0:0:0:0:
64,192,95687,1,0,0:0:0:0:
192,192,96003,1,0,0:0:0:0:
320,192,96319,1,0,0:0:0:0:
448,192,96635,1,0,0:0:0:0:
64,192,96951,128,0,97266:0:0:0:0:
192,192,96951,1,0,0:0:0:0:
448,192,97266,1,0,0:0:0:0:
192,192,97582,128,0,97898:0:0:0:0:
320,192,97898,128,0,98214:0:0:0:0:
448,192,97898,128,0,98214:0:0:0:0:
64,192,98214,1,0,0:0:0:0:
192,192,98214,1,0,0:0:0:0:
448,192,98529,1,0,0:0:0:0:
320,192,98845,1,0,0:0:0:0:
64,192,99161,1,0,0:0:0:0:
192,192,99477,1,0,0:0:0:0:
320,192,99793,1,0,0:0:0:0:
64,192,100108,1,0,0:0:0:0:
448,192,100424,1,0,0:0:0:0:
320,192,100740,1,0,0:0:0:0:
192,192,101056,1,0,0:0:0:0:
448,192,101372,1,0,0:0:0:0:
64,192,101687,1,0,0:0:0:0:
320,192,102003,1,0,0:0:0:0:
448,192,102003,128,0,102319:0:0:0:0:
192,192,102319,1,0,0:0:0:0:
64,192,102635,1,0,0:0:0:0:
448,192,102635,1,0,0:0:0:0:
320,192,102951,1,0,0:0:0:0:
64,192,103266,1,0,0:0:0:0:
64,192,103582,1,0,0:0:0:0:
64,192,103898,128,0,104214:0:0:0:0:
448,192,104214,1,0,0:0:0:0:
448,192,104530,1,0,0:0:0:0:
448,192,104845,128,0,105161:0:0:0:0:
192,192,105161,1,0,0:0:0:0:
320,192,105477,1,0,0:0:0:0:
192,192,105793,1,0,0:0:0:0:
320,192,106109,1,0,0:0:0:0:
192,192,106424,1,0,0:0:0:0:
320,192,106740,128,0,107056:0:0:0:0:
64,192,107056,1,0,0:0:0:0:
64,192,107372,1,0,0:0:0:0:
64,192,107688,1,0,0:0:0:0:
448,192,108003,1,0,0:0:0:0:
448,192,108319,1,0,0:0:0:0:
448,192,108635,1,0,0:0:0:0:
64,192,108951,128,0,109266:0:0:0:0:
192,192,108951,1,0,0:0:0:0:
448,192,109266,128,0,109582:0:0:0:0:
64,192,109582,128,0,109898:0:0:0:0:
320,192,109898,128,0,110214:0:0:0:0:
448,192,109898,1,0,0:0:0:0:
192,192,110214,128,0,110530:0:0:0:0:
320,192,110530,1,0,0:0:0:0:
448,192,110688,1,0,0:0:0:0:
64,192,110845,1,0,0:0:0:0:
192,192,110845,1,0,0:0:0:0:
192,192,111161,1,0,0:0:0:0:
192,192,111477,1,0,0:0:0:0:
64,192,111635,1,0,0:0:0:0:
320,192,111793,1,0,0:0:0:0:
448,192,111793,1,0,0:0:0:0:
320,192,112109,1,0,0:0:0:0:
320,192,112424,1,0,0:0:0:0:
448,192,112582,1,0,0:0:0:0:
64,192,112740,1,0,0:0:0:0:
192,192,112740,128,0,113056:0:0:0:0:
320,192,113056,128,0,113372:0:0:0:0:
448,192,113372,128,0,113688:0:0:0:0:
64,192,113688,128,0,114003:0:0:0:0:
192,192,113688,128,0,114003:0:0:0:0:
448,192,114003,128,0,114319:0:0:0:0:
320,192,114319,128,0,114635:0:0:0:0:
64,192,114635,1,0,0:0:0:0:
448,192,114635,1,0,0:0:0:0:
64,192,114951,1,0,0:0:0:0:
64,192,115266,1,0,0:0:0:0:
320,192,115582,1,0,0:0:0:0:
448,192,115582,1,0,0:0:0:0:
448,192,115898,1,0,0:0:0:0:
448,192,116214,1,0,0:0:0:0:
192,192,116530,1,0,0:0:0:0:
192,192,116845,1,0,0:0:0:0:
192,192,117161,1,0,0:0:0:0:
320,192,117477,1,0,0:0:0:0:
320,192,117793,1,0,0:0:0:0:
320,192,118109,1,0,0:0:0:0:
192,192,118424,1,0,0:0:0:0:
192,192,118740,1,0,0:0:0:0:
192,192,119056,1,0,0:0:0:0:
320,192,119372,1,0,0:0:0:0:
320,192,119688,1,0,0:0:0:0:
320,192,120003,1,0,0:0:0:0:
64,192,120319,1,0,0:0:0:0:
192,192,120477,1,0,0:0:0:0:
448,192,120635,1,0,0:0:0:0:
320,192,120793,1,0,0:0:0:0:
64,192,120951,1,0,0:0:0:0:
192,192,121109,1,0,0:0:0:0:
320,192,121267,1,0,0:0:0:0:
448,192,121267,1,0,0:0:0:0:
64,192,121582,1,0,0:0:0:0:
192,192,121898,1,0,0:0:0:0:
320,192,122530,1,0,0:0:0:0:
192,192,123003,1,0,0:0:0:0:
320,192,123477,1,0,0:0:0:0:
64,192,123793,1,0,0:0:0:0:
448,192,123793,128,0,124109:0:0:0:0:
192,192,126951,1,0,0:0:0:0:
320,192,127582,128,0,127898:0:0:0:0:
64,192,129793,1,0,0:0:0:0:
192,192,130109,128,0,130740:0:0:0:0:
448,192,130740,128,0,131372:0:0:0:0:
320,192,131372,128,0,132003:0:0:0:0:
192,192,132003,1,0,0:0:0:0:
320,192,132319,1,0,0:0:0:0:
64,192,132635,1,0,0:0:0:0:
192,192,132951,1,0,0:0:0:0:
448,192,133266,1,0,0:0:0:0:
320,192,133582,1,0,0:0:0:0:
64,192,133898,128,0,134530:0:0:0:0:
64,192,134845,1,0,0:0:0:0:
320,192,135161,128,0,135793:0:0:0:0:
64,192,135793,128,0,136424:0:0:0:0:
192,192,136424,128,0,137056:0:0:0:0:
448,192,137056,128,0,137688:0:0:0:0:
320,192,137688,128,0,138951:0:0:0:0:
192,192,138951,1,0,0:0:0:0:
192,192,139898,1,0,0:0:0:0:
64,192,140214,128,0,140845:0:0:0:0:
448,192,140214,1,0,0:0:0:0:
448,192,140845,128,0,141477:0:0:0:0:
64,192,141477,1,0,0:0:0:0:
192,192,141477,128,0,142109:0:0:0:0:
448,192,142109,1,0,0:0:0:0:
320,192,142424,1,0,0:0:0:0:
64,192,142740,128,0,143056:0:0:0:0:
192,192,143056,1,0,0:0:0:0:
320,192,143372,128,0,143688:0:0:0:0:
64,192,143688,1,0,0:0:0:0:
320,192,144003,1,0,0:0:0:0:
448,192,144003,128,0,144319:0:0:0:0:
192,192,144635,1,0,0:0:0:0:
64,192,144951,1,0,0:0:0:0:
320,192,145266,1,0,0:0:0:0:
448,192,145266,1,0,0:0:0:0:
192,192,145688,1,0,0:0:0:0:
448,192,145898,1,0,0:0:0:0:
320,192,146319,1,0,0:0:0:0:
64,192,146530,1,0,0:0:0:0:
192,192,146951,1,0,0:0:0:0:
448,192,147161,1,0,0:0:0:0:
320,192,147582,1,0,0:0:0:0:
64,192,147793,128,0,149056:0:0:0:0:
448,192,147793,1,0,0:0:0:0:
448,192,148424,1,0,0:0:0:0:
320,192,149056,128,0,149378:0:0:0:0:
448,192,149378,128,0,149711:0:0:0:0:
64,192,149378,128,0,149711:0:0:0:0:
192,192,150086,128,0,150833:0:0:0:0:
320,192,150086,128,0,150833:0:0:0:0:
64,192,150833,1,0,0:0:0:0:
448,192,150833,1,0,0:0:0:0:
192,192,150990,1,0,0:0:0:0:
320,192,151148,1,0,0:0:0:0:
192,192,151306,1,0,0:0:0:0:
64,192,151464,128,0,151779:0:0:0:0:
448,192,151464,128,0,151779:0:0:0:0:
192,192,151779,1,0,0:0:0:0:
320,192,152095,128,0,152411:0:0:0:0:
448,192,152095,128,0,152411:0:0:0:0:
192,192,152411,1,0,0:0:0:0:
64,192,152727,128,0,153042:0:0:0:0:
448,192,152727,128,0,153042:0:0:0:0:
320,192,153042,1,0,0:0:0:0:
64,192,153358,1,0,0:0:0:0:
192,192,153358,1,0,0:0:0:0:
448,192,153674,1,0,0:0:0:0:
320,192,153832,1,0,0:0:0:0:
64,192,153990,128,0,154306:0:0:0:0:
192,192,153990,128,0,154306:0:0:0:0:
320,192,154306,1,0,0:0:0:0:
64,192,154621,1,0,0:0:0:0:
448,192,154621,128,0,154937:0:0:0:0:
192,192,154937,1,0,0:0:0:0:
320,192,155253,128,0,155569:0:0:0:0:
448,192,155253,128,0,155569:0:0:0:0:
64,192,155569,1,0,0:0:0:0:
192,192,155727,1,0,0:0:0:0:
320,192,155885,1,0,0:0:0:0:
448,192,155885,1,0,0:0:0:0:
64,192,156200,1,0,0:0:0:0:
192,192,156200,1,0,0:0:0:0:
64,192,156516,128,0,156832:0:0:0:0:
448,192,156516,128,0,156832:0:0:0:0:
320,192,156832,1,0,0:0:0:0:
192,192,157148,128,0,157464:0:0:0:0:
448,192,157148,128,0,157464:0:0:0:0:
320,192,157464,1,0,0:0:0:0:
64,192,157779,128,0,158095:0:0:0:0:
448,192,157779,128,0,158095:0:0:0:0:
192,192,158095,1,0,0:0:0:0:
64,192,158411,1,0,0:0:0:0:
320,192,158411,1,0,0:0:0:0:
448,192,158727,1,0,0:0:0:0:
64,192,159042,128,0,159358:0:0:0:0:
192,192,159042,1,0,0:0:0:0:
320,192,159358,1,0,0:0:0:0:
64,192,159674,1,0,0:0:0:0:
448,192,159674,128,0,159990:0:0:0:0:
320,192,159990,1,0,0:0:0:0:
64,192,160306,1,0,0:0:0:0:
192,192,160306,128,0,160937:0:0:0:0:
448,192,160621,1,0,0:0:0:0:
64,192,160937,1,0,0:0:0:0:
320,192,161253,1,0,0:0:0:0:
192,192,161411,1,0,0:0:0:0:
64,192,161569,128,0,162042:0:0:0:0:
448,192,161569,1,0,0:0:0:0:
320,192,162042,1,0,0:0:0:0:
448,192,162042,1,0,0:0:0:0:
192,192,162358,1,0,0:0:0:0:
320,192,162674,1,0,0:0:0:0:
64,192,162832,1,0,0:0:0:0:
448,192,162832,128,0,163306:0:0:0:0:
64,192,163306,1,0,0:0:0:0:
192,192,163306,1,0,0:0:0:0:
448,192,163621,1,0,0:0:0:0:
64,192,163779,128,0,164095:0:0:0:0:
320,192,164095,128,0,164411:0:0:0:0:
448,192,164095,128,0,164411:0:0:0:0:
64,192,164569,1,0,0:0:0:0:
448,192,164727,1,0,0:0:0:0:
320,192,165200,128,0,165674:0:0:0:0:
64,192,165674,1,0,0:0:0:0:
192,192,165832,1,0,0:0:0:0:
320,192,165990,1,0,0:0:0:0:
448,192,165990,1,0,0:0:0:0:
64,192,166306,1,0,0:0:0:0:
192,192,166306,1,0,0:0:0:0:
448,192,166621,128,0,167095:0:0:0:0:
64,192,167095,1,0,0:0:0:0:
192,192,167095,128,0,167569:0:0:0:0:
448,192,167569,1,0,0:0:0:0:
320,192,167885,128,0,168358:0:0:0:0:
64,192,168358,128,0,168832:0:0:0:0:
448,192,168358,1,0,0:0:0:0:
192,192,168832,1,0,0:0:0:0:
320,192,169148,1,0,0:0:0:0:
448,192,169148,128,0,169463:0:0:0:0:
192,192,169463,1,0,0:0:0:0:
64,192,169779,128,0,170095:0:0:0:0:
448,192,169779,1,0,0:0:0:0:
320,192,170095,1,0,0:0:0:0:
64,192,170411,1,0,0:0:0:0:
192,192,170411,128,0,171042:0:0:0:0:
448,192,170727,1,0,0:0:0:0:
64,192,171042,1,0,0:0:0:0:
320,192,171358,1,0,0:0:0:0:
64,192,171674,1,0,0:0:0:0:
448,192,171674,1,0,0:0:0:0:
192,192,171911,1,0,0:0:0:0:
320,192,172148,1,0,0:0:0:0:
448,192,172306,1,0,0:0:0:0:
64,192,172542,1,0,0:0:0:0:
192,192,172779,1,0,0:0:0:0:
448,192,172937,1,0,0:0:0:0:
320,192,173174,1,0,0:0:0:0:
192,192,173411,1,0,0:0:0:0:
64,192,173569,1,0,0:0:0:0:
448,192,173806,1,0,0:0:0:0:
320,192,174042,1,0,0:0:0:0:
64,192,174201,1,0,0:0:0:0:
192,192,174201,1,0,0:0:0:0:
320,192,174517,1,0,0:0:0:0:
448,192,174517,1,0,0:0:0:0:
64,192,174833,1,0,0:0:0:0:
192,192,174833,1,0,0:0:0:0:
320,192,175148,1,0,0:0:0:0:
448,192,175148,1,0,0:0:0:0:
448,192,175464,1,0,0:0:0:0:
64,192,175464,1,0,0:0:0:0:
320,192,177591,1,0,0:0:0:0:
448,192,177591,128,0,178282:0:0:0:0:
64,192,178282,1,0,0:0:0:0:
64,192,179006,1,0,0:0:0:0:
320,192,179403,1,0,0:0:0:0:
192,192,179728,1,0,0:0:0:0:
448,192,179935,1,0,0:0:0:0:
320,192,180193,1,0,0:0:0:0:
64,192,180388,1,0,0:0:0:0:
192,192,180388,1,0,0:0:0:0:
192,192,180749,128,0,181122:0:0:0:0:
448,192,181122,1,0,0:0:0:0:
448,192,181807,1,0,0:0:0:0:
448,192,182535,1,0,0:0:0:0:
64,192,182868,128,0,183211:0:0:0:0:
320,192,183211,128,0,184261:0:0:0:0:
448,192,183211,1,0,0:0:0:0:
64,192,184615,1,0,0:0:0:0:
192,192,184615,128,0,185699:0:0:0:0:
64,192,186074,128,0,186420:0:0:0:0:
192,192,186768,128,0,187478:0:0:0:0:
320,192,187478,128,0,188196:0:0:0:0:
64,192,188418,1,0,0:0:0:0:
192,192,188640,1,0,0:0:0:0:
320,192,188906,1,0,0:0:0:0:
448,192,188906,128,0,189571:0:0:0:0:
64,192,189571,1,0,0:0:0:0:
64,192,190286,1,0,0:0:0:0:
192,192,190663,128,0,190998:0:0:0:0:
448,192,190998,1,0,0:0:0:0:
192,192,191260,1,0,0:0:0:0:
320,192,191474,1,0,0:0:0:0:
64,192,191691,128,0,192062:0:0:0:0:
448,192,192062,128,0,192755:0:0:0:0:
448,192,193114,1,0,0:0:0:0:
448,192,193823,128,0,194122:0:0:0:0:
192,192,194122,1,0,0:0:0:0:
64,192,194330,1,0,0:0:0:0:
320,192,194539,128,0,195581:0:0:0:0:
448,192,194539,1,0,0:0:0:0:
64,192,195247,1,0,0:0:0:0:
192,192,195932,128,0,197337:0:0:0:0:
448,192,196636,1,0,0:0:0:0:
64,192,197337,128,0,199117:0:0:0:0:
448,192,197337,1,0,0:0:0:0:
64,192,201354,1,0,0:0:0:0:
448,192,201354,1,0,0:0:0:0:
192,192,201511,1,0,0:0:0:0:
320,192,201985,1,0,0:0:0:0:
448,192,202143,1,0,0:0:0:0:
64,192,202617,1,0,0:0:0:0:
192,192,202775,1,0,0:0:0:0:
320,192,202932,1,0,0:0:0:0:
448,192,203248,1,0,0:0:0:0:
320,192,203564,1,0,0:0:0:0:
192,192,203880,1,0,0:0:0:0:
64,192,204038,1,0,0:0:0:0:
448,192,204511,1,0,0:0:0:0:
320,192,204669,1,0,0:0:0:0:
192,192,204827,1,0,0:0:0:0:
64,192,205143,128,0,205775:0:0:0:0:
320,192,205775,1,0,0:0:0:0:
448,192,206406,1,0,0:0:0:0:
64,192,206564,1,0,0:0:0:0:
320,192,206880,1,0,0:0:0:0:
64,192,207038,1,0,0:0:0:0:
448,192,207196,1,0,0:0:0:0:
192,192,207511,1,0,0:0:0:0:
448,192,207669,1,0,0:0:0:0:
64,192,207827,1,0,0:0:0:0:
320,192,208143,1,0,0:0:0:0:
192,192,208301,1,0,0:0:0:0:
448,192,208617,1,0,0:0:0:0:
320,192,208775,1,0,0:0:0:0:
64,192,208932,1,0,0:0:0:0:
192,192,208932,1,0,0:0:0:0:
448,192,209169,1,0,0:0:0:0:
64,192,209347,1,0,0:0:0:0:
320,192,209564,1,0,0:0:0:0:
448,192,209564,1,0,0:0:0:0:
64,192,209801,1,0,0:0:0:0:
448,192,209979,1,0,0:0:0:0:
192,192,210196,128,0,210827:0:0:0:0:
320,192,210196,128,0,210827:0:0:0:0:
448,192,210827,1,0,0:0:0:0:
64,192,210985,1,0,0:0:0:0:
320,192,211143,1,0,0:0:0:0:
192,192,211301,1,0,0:0:0:0:
64,192,211459,1,0,0:0:0:0:
448,192,211459,128,0,211932:0:0:0:0:
64,192,211932,1,0,0:0:0:0:
192,192,211932,1,0,0:0:0:0:
320,192,212248,1,0,0:0:0:0:
192,192,212564,1,0,0:0:0:0:
64,192,212722,128,0,213196:0:0:0:0:
448,192,212722,1,0,0:0:0:0:
320,192,213196,1,0,0:0:0:0:
448,192,213196,1,0,0:0:0:0:
64,192,213511,1,0,0:0:0:0:
448,192,213669,128,0,213985:0:0:0:0:
64,192,213985,128,0,214301:0:0:0:0:
192,192,213985,128,0,214301:0:0:0:0:
448,192,214459,1,0,0:0:0:0:
64,192,214617,1,0,0:0:0:0:
320,192,214932,1,0,0:0:0:0:
192,192,215090,128,0,215564:0:0:0:0:
448,192,215564,1,0,0:0:0:0:
320,192,215722,1,0,0:0:0:0:
64,192,215880,1,0,0:0:0:0:
192,192,215880,1,0,0:0:0:0:
320,192,216196,1,0,0:0:0:0:
448,192,216196,1,0,0:0:0:0:
64,192,216511,128,0,216985:0:0:0:0:
320,192,216985,128,0,217459:0:0:0:0:
448,192,216985,1,0,0:0:0:0:
64,192,217459,1,0,0:0:0:0:
192,192,217775,128,0,218248:0:0:0:0:
64,192,218248,1,0,0:0:0:0:
448,192,218248,128,0,218722:0:0:0:0:
320,192,218722,1,0,0:0:0:0:
64,192,219038,128,0,219353:0:0:0:0:
192,192,219038,1,0,0:0:0:0:
320,192,219353,1,0,0:0:0:0:
64,192,219669,1,0,0:0:0:0:
448,192,219669,128,0,219985:0:0:0:0:
192,192,219985,1,0,0:0:0:0:
320,192,220301,128,0,220932:0:0:0:0:
448,192,220301,1,0,0:0:0:0:
64,192,220617,1,0,0:0:0:0:
448,192,220932,1,0,0:0:0:0:
192,192,221248,1,0,0:0:0:0:
64,192,221564,128,0,222038:0:0:0:0:
448,192,221564,1,0,0:0:0:0:
320,192,222038,1,0,0:0:0:0:
448,192,222038,1,0,0:0:0:0:
192,192,222353,1,0,0:0:0:0:
320,192,222669,1,0,0:0:0:0:
64,192,222827,1,0,0:0:0:0:
448,192,222827,128,0,223301:0:0:0:0:
64,192,223301,1,0,0:0:0:0:
192,192,223301,1,0,0:0:0:0:
448,192,223617,1,0,0:0:0:0:
64,192,223775,128,0,224090:0:0:0:0:
320,192,224090,128,0,224406:0:0:0:0:
448,192,224090,128,0,224406:0:0:0:0:
64,192,224564,1,0,0:0:0:0:
448,192,224722,1,0,0:0:0:0:
192,192,225038,1,0,0:0:0:0:
320,192,225196,128,0,225669:0:0:0:0:
64,192,225669,1,0,0:0:0:0:
192,192,225827,1,0,0:0:0:0:
320,192,225985,1,0,0:0:0:0:
448,192,225985,1,0,0:0:0:0:
64,192,226301,1,0,0:0:0:0:
192,192,226301,1,0,0:0:0:0:
448,192,226617,128,0,227090:0:0:0:0:
64,192,227090,1,0,0:0:0:0:
192,192,227090,128,0,227564:0:0:0:0:
448,192,227564,1,0,0:0:0:0:
320,192,227880,128,0,228353:0:0:0:0:
64,192,228353,128,0,228827:0:0:0:0:
448,192,228353,1,0,0:0:0:0:
192,192,228827,1,0,0:0:0:0:
320,192,229143,1,0,0:0:0:0:
448,192,229143,128,0,229459:0:0:0:0:
192,192,229459,1,0,0:0:0:0:
64,192,229775,128,0,230090:0:0:0:0:
448,192,229775,1,0,0:0:0:0:
320,192,230090,1,0,0:0:0:0:
64,192,230406,1,0,0:0:0:0:
192,192,230406,128,0,231038:0:0:0:0:
448,192,230722,1,0,0:0:0:0:
64,192,231038,1,0,0:0:0:0:
320,192,231353,1,0,0:0:0:0:
64,192,231669,1,0,0:0:0:0:
448,192,231669,1,0,0:0:0:0:
192,192,231906,1,0,0:0:0:0:
320,192,232143,1,0,0:0:0:0:
64,192,232301,128,0,232617:0:0:0:0:
192,192,232617,128,0,232932:0:0:0:0:
320,192,232932,128,0,233248:0:0:0:0:
448,192,232932,1,0,0:0:0:0:
64,192,233248,1,0,0:0:0:0:
320,192,233564,1,0,0:0:0:0:
192,192,233722,1,0,0:0:0:0:
320,192,233880,1,0,0:0:0:0:
64,192,234196,1,0,0:0:0:0:
448,192,234196,1,0,0:0:0:0:
320,192,234432,1,0,0:0:0:0:
192,192,234669,1,0,0:0:0:0:
448,192,234827,128,0,235143:0:0:0:0:
320,192,235143,128,0,235459:0:0:0:0:
64,192,235459,1,0,0:0:0:0:
192,192,235459,128,0,235775:0:0:0:0:
320,192,235775,1,0,0:0:0:0:
448,192,235932,1,0,0:0:0:0:
64,192,236090,1,0,0:0:0:0:
192,192,236090,1,0,0:0:0:0:
320,192,236406,1,0,0:0:0:0:
448,192,236406,1,0,0:0:0:0:
64,192,236722,1,0,0:0:0:0:
448,192,236722,1,0,0:0:0:0:
192,192,236959,1,0,0:0:0:0:
320,192,237196,1,0,0:0:0:0:
64,192,237353,128,0,237669:0:0:0:0:
192,192,237669,128,0,237985:0:0:0:0:
320,192,237985,128,0,238301:0:0:0:0:
448,192,237985,1,0,0:0:0:0:
64,192,238301,1,0,0:0:0:0:
192,192,238617,1,0,0:0:0:0:
320,192,238932,128,0,239248:0:0:0:0:
448,192,238932,128,0,239248:0:0:0:0:
64,192,239248,1,0,0:0:0:0:
448,192,239880,1,0,0:0:0:0:
192,192,240196,1,0,0:0:0:0:
320,192,240511,128,0,241143:0:0:0:0: