osu file format v14

[General]
AudioFilename: audio.mp3
AudioLeadIn: 0
PreviewTime: 60749
Countdown: 0
SampleSet: Soft
StackLeniency: 0.7
Mode: 3
LetterboxInBreaks: 0
SpecialStyle: 0
WidescreenStoryboard: 0

[Editor]
Bookmarks: 25074,26695
DistanceSpacing: 0.8
BeatDivisor: 4
GridSize: 32
TimelineZoom: 2.799999

[Metadata]
Title:Non-breath oblige
TitleUnicode:Non-breath oblige
Artist:PinocchioP feat. Hatsune Miku
ArtistUnicode:ピノキオピー feat. 初音ミク
Creator:[GS]Rose
Version:noblesse
Source:
Tags:ln longnote long note vocaloid hatsune miku release coordination
BeatmapID:3948708
BeatmapSetID:1852295

[Difficulty]
HPDrainRate:8
CircleSize:4
OverallDifficulty:7
ApproachRate:5
SliderMultiplier:1.4
SliderTickRate:1

[Events]
//Background and Video events
0,0,"non breath.png",0,0
//Break Periods
//Storyboard Layer 0 (Background)
//Storyboard Layer 1 (Fail)
//Storyboard Layer 2 (Pass)
//Storyboard Layer 3 (Foreground)
//Storyboard Layer 4 (Overlay)
//Storyboard Sound Samples

[TimingPoints]
738,405.405405405405,4,2,0,60,1,0
86695,-100,4,2,0,60,0,1
98047,-100,4,2,0,60,0,0
164533,-100,4,2,0,60,0,1
188858,-100,4,2,0,60,0,0


[HitObjects]
64,192,738,5,0,0:0:0:0:
320,192,738,1,0,0:0:0:0:
192,192,738,128,0,3981:0:0:0:0:
320,192,3981,128,0,5602:0:0:0:0:
448,192,3981,1,0,0:0:0:0:
448,192,5602,128,0,6413:0:0:0:0:
64,192,5602,1,0,0:0:0:0:
192,192,5602,1,0,0:0:0:0:
320,192,6413,128,0,6819:0:0:0:0:
192,192,6819,128,0,7021:0:0:0:0:
64,192,7021,128,0,7629:0:0:0:0:
320,192,7300,1,0,0:0:0:0:
192,192,7629,1,0,0:0:0:0:
448,192,8085,1,0,0:0:0:0:
192,192,8237,128,0,8643:0:0:0:0:
320,192,8237,128,0,8643:0:0:0:0:
448,192,8846,1,0,0:0:0:0:
320,192,8846,128,0,9048:0:0:0:0:
192,192,8947,128,0,9048:0:0:0:0:
64,192,9048,128,0,9352:0:0:0:0:
448,192,9150,128,0,9251:0:0:0:0:
320,192,9251,128,0,9454:0:0:0:0:
448,192,9352,128,0,9454:0:0:0:0:
192,192,9454,128,0,9656:0:0:0:0:
64,192,9555,1,0,0:0:0:0:
320,192,9656,128,0,9859:0:0:0:0:
448,192,9656,1,0,0:0:0:0:
192,192,9758,1,0,0:0:0:0:
448,192,9859,128,0,9960:0:0:0:0:
320,192,10062,128,0,10163:0:0:0:0:
192,192,10265,128,0,10366:0:0:0:0:
64,192,10366,128,0,10467:0:0:0:0:
192,192,10467,128,0,10670:0:0:0:0:
448,192,10467,1,0,0:0:0:0:
320,192,10569,128,0,10670:0:0:0:0:
448,192,10670,128,0,10974:0:0:0:0:
64,192,10771,128,0,10873:0:0:0:0:
192,192,10873,128,0,11075:0:0:0:0:
64,192,10974,128,0,11075:0:0:0:0:
320,192,11075,128,0,11278:0:0:0:0:
448,192,11177,1,0,0:0:0:0:
192,192,11278,128,0,11481:0:0:0:0:
64,192,11278,1,0,0:0:0:0:
320,192,11379,1,0,0:0:0:0:
64,192,11481,128,0,11582:0:0:0:0:
192,192,11683,128,0,11785:0:0:0:0:
64,192,11785,1,0,0:0:0:0:
320,192,11886,128,0,11987:0:0:0:0:
448,192,11987,128,0,12089:0:0:0:0:
320,192,12089,128,0,12292:0:0:0:0:
64,192,12089,1,0,0:0:0:0:
192,192,12190,128,0,12292:0:0:0:0:
64,192,12292,128,0,12596:0:0:0:0:
448,192,12393,1,0,0:0:0:0:
320,192,12494,128,0,12697:0:0:0:0:
448,192,12596,128,0,12697:0:0:0:0:
192,192,12697,128,0,12900:0:0:0:0:
64,192,12798,1,0,0:0:0:0:
320,192,12900,128,0,13102:0:0:0:0:
448,192,12900,1,0,0:0:0:0:
192,192,13001,1,0,0:0:0:0:
448,192,13102,128,0,13204:0:0:0:0:
64,192,13204,1,0,0:0:0:0:
320,192,13305,128,0,13406:0:0:0:0:
448,192,13406,1,0,0:0:0:0:
192,192,13508,128,0,13609:0:0:0:0:
64,192,13609,128,0,13710:0:0:0:0:
192,192,13710,128,0,13913:0:0:0:0:
320,192,13812,128,0,13913:0:0:0:0:
448,192,13913,128,0,14217:0:0:0:0:
320,192,14015,128,0,14217:0:0:0:0:
64,192,14217,128,0,14319:0:0:0:0:
192,192,14217,1,0,0:0:0:0:
320,192,14319,128,0,14521:0:0:0:0:
448,192,14420,1,0,0:0:0:0:
192,192,14521,128,0,14724:0:0:0:0:
64,192,14521,1,0,0:0:0:0:
320,192,14623,1,0,0:0:0:0:
64,192,14724,128,0,14825:0:0:0:0:
192,192,14927,128,0,15028:0:0:0:0:
64,192,15028,1,0,0:0:0:0:
320,192,15129,128,0,15231:0:0:0:0:
448,192,15231,128,0,15332:0:0:0:0:
320,192,15332,128,0,15535:0:0:0:0:
192,192,15433,128,0,15535:0:0:0:0:
64,192,15535,128,0,15839:0:0:0:0:
192,192,15636,128,0,15839:0:0:0:0:
448,192,15839,128,0,15940:0:0:0:0:
320,192,15839,1,0,0:0:0:0:
192,192,15940,128,0,16143:0:0:0:0:
64,192,16042,1,0,0:0:0:0:
320,192,16143,128,0,16346:0:0:0:0:
448,192,16143,1,0,0:0:0:0:
192,192,16244,1,0,0:0:0:0:
448,192,16346,128,0,16447:0:0:0:0:
64,192,16447,1,0,0:0:0:0:
320,192,16548,128,0,16700:0:0:0:0:
448,192,16650,1,0,0:0:0:0:
192,192,16751,128,0,16852:0:0:0:0:
64,192,16852,128,0,16954:0:0:0:0:
448,192,16954,1,0,0:0:0:0:
192,192,16954,128,0,17156:0:0:0:0:
320,192,17055,128,0,17156:0:0:0:0:
448,192,17156,128,0,17460:0:0:0:0:
64,192,17258,128,0,17359:0:0:0:0:
192,192,17359,128,0,17562:0:0:0:0:
64,192,17460,128,0,17562:0:0:0:0:
320,192,17562,128,0,17765:0:0:0:0:
448,192,17663,1,0,0:0:0:0:
192,192,17765,128,0,17967:0:0:0:0:
64,192,17765,1,0,0:0:0:0:
320,192,17866,1,0,0:0:0:0:
64,192,17967,128,0,18069:0:0:0:0:
192,192,18170,128,0,18271:0:0:0:0:
64,192,18271,1,0,0:0:0:0:
320,192,18373,128,0,18474:0:0:0:0:
448,192,18474,128,0,18575:0:0:0:0:
64,192,18575,1,0,0:0:0:0:
320,192,18575,128,0,18778:0:0:0:0:
192,192,18677,128,0,18778:0:0:0:0:
64,192,18778,128,0,19082:0:0:0:0:
448,192,18879,1,0,0:0:0:0:
320,192,18981,128,0,19183:0:0:0:0:
448,192,19082,128,0,19183:0:0:0:0:
192,192,19183,128,0,19386:0:0:0:0:
64,192,19285,1,0,0:0:0:0:
320,192,19386,128,0,19589:0:0:0:0:
448,192,19386,1,0,0:0:0:0:
192,192,19487,1,0,0:0:0:0:
448,192,19589,128,0,19690:0:0:0:0:
64,192,19690,1,0,0:0:0:0:
320,192,19792,128,0,19893:0:0:0:0:
448,192,19893,1,0,0:0:0:0:
192,192,19994,128,0,20096:0:0:0:0:
64,192,20096,128,0,20197:0:0:0:0:
192,192,20197,128,0,20400:0:0:0:0:
320,192,20298,128,0,20400:0:0:0:0:
448,192,20400,128,0,20704:0:0:0:0:
320,192,20501,128,0,20704:0:0:0:0:
192,192,20704,1,0,0:0:0:0:
64,192,20704,128,0,20805:0:0:0:0:
320,192,20805,128,0,21008:0:0:0:0:
448,192,20906,1,0,0:0:0:0:
192,192,21008,128,0,21210:0:0:0:0:
320,192,21109,1,0,0:0:0:0:
64,192,21210,128,0,21515:0:0:0:0:
448,192,21210,1,0,0:0:0:0:
192,192,21413,128,0,21717:0:0:0:0:
448,192,21413,1,0,0:0:0:0:
320,192,21616,128,0,21819:0:0:0:0:
448,192,21616,1,0,0:0:0:0:
448,192,21819,128,0,22021:0:0:0:0:
192,192,21819,128,0,22021:0:0:0:0:
64,192,21920,128,0,22021:0:0:0:0:
320,192,22021,128,0,22123:0:0:0:0:
192,192,22224,128,0,22427:0:0:0:0:
320,192,22224,128,0,22427:0:0:0:0:
64,192,22427,128,0,22629:0:0:0:0:
448,192,22427,128,0,22629:0:0:0:0:
320,192,22528,128,0,22629:0:0:0:0:
192,192,22629,1,0,0:0:0:0:
64,192,22832,128,0,23035:0:0:0:0:
448,192,22832,128,0,23035:0:0:0:0:
192,192,23035,128,0,23136:0:0:0:0:
320,192,23035,128,0,23136:0:0:0:0:
64,192,23237,1,0,0:0:0:0:
320,192,23237,128,0,23339:0:0:0:0:
192,192,23339,128,0,23440:0:0:0:0:
448,192,23339,1,0,0:0:0:0:
64,192,23440,128,0,23643:0:0:0:0:
320,192,23440,128,0,23643:0:0:0:0:
448,192,23542,128,0,23643:0:0:0:0:
192,192,23643,128,0,23744:0:0:0:0:
320,192,23846,128,0,24048:0:0:0:0:
192,192,23846,128,0,24048:0:0:0:0:
448,192,24048,128,0,24251:0:0:0:0:
64,192,24048,128,0,24251:0:0:0:0:
192,192,24150,128,0,24251:0:0:0:0:
320,192,24251,1,0,0:0:0:0:
448,192,24454,128,0,24656:0:0:0:0:
64,192,24454,128,0,24656:0:0:0:0:
320,192,24656,128,0,24758:0:0:0:0:
192,192,24656,128,0,24758:0:0:0:0:
64,192,24859,128,0,24960:0:0:0:0:
448,192,24859,128,0,24960:0:0:0:0:
192,192,25062,128,0,25265:0:0:0:0:
448,192,25062,128,0,25265:0:0:0:0:
64,192,25163,128,0,25265:0:0:0:0:
320,192,25265,128,0,25366:0:0:0:0:
320,192,25467,128,0,25670:0:0:0:0:
192,192,25467,128,0,25670:0:0:0:0:
448,192,25670,128,0,25873:0:0:0:0:
64,192,25670,128,0,25873:0:0:0:0:
320,192,25771,128,0,25873:0:0:0:0:
192,192,25873,1,0,0:0:0:0:
448,192,26075,128,0,26278:0:0:0:0:
64,192,26075,128,0,26278:0:0:0:0:
320,192,26278,128,0,26379:0:0:0:0:
192,192,26278,128,0,26379:0:0:0:0:
320,192,26481,128,0,26582:0:0:0:0:
64,192,26481,1,0,0:0:0:0:
448,192,26582,1,0,0:0:0:0:
192,192,26582,128,0,26683:0:0:0:0:
64,192,26683,128,0,26886:0:0:0:0:
320,192,26683,128,0,26886:0:0:0:0:
448,192,26785,128,0,26886:0:0:0:0:
192,192,26886,128,0,26987:0:0:0:0:
320,192,27089,128,0,27292:0:0:0:0:
192,192,27089,128,0,27292:0:0:0:0:
448,192,27292,128,0,27494:0:0:0:0:
64,192,27292,128,0,27494:0:0:0:0:
192,192,27393,128,0,27494:0:0:0:0:
320,192,27494,1,0,0:0:0:0:
448,192,27697,128,0,27900:0:0:0:0:
64,192,27697,128,0,27900:0:0:0:0:
320,192,27900,128,0,28001:0:0:0:0:
192,192,27900,128,0,28001:0:0:0:0:
448,192,28102,1,0,0:0:0:0:
192,192,28102,128,0,28204:0:0:0:0:
320,192,28204,128,0,28305:0:0:0:0:
64,192,28204,1,0,0:0:0:0:
192,192,28305,1,0,0:0:0:0:
448,192,28305,128,0,28508:0:0:0:0:
64,192,28406,128,0,28508:0:0:0:0:
192,192,28508,128,0,28710:0:0:0:0:
320,192,28609,128,0,28812:0:0:0:0:
448,192,28812,1,0,0:0:0:0:
192,192,29015,128,0,29116:0:0:0:0:
320,192,29116,128,0,29319:0:0:0:0:
64,192,29116,1,0,0:0:0:0:
448,192,29116,1,0,0:0:0:0:
192,192,29217,128,0,29319:0:0:0:0:
64,192,29319,128,0,29521:0:0:0:0:
448,192,29420,128,0,29521:0:0:0:0:
320,192,29521,128,0,29623:0:0:0:0:
192,192,29521,128,0,29724:0:0:0:0:
64,192,29724,128,0,29927:0:0:0:0:
448,192,29927,128,0,30129:0:0:0:0:
192,192,29927,1,0,0:0:0:0:
64,192,30028,128,0,30129:0:0:0:0:
320,192,30129,128,0,30332:0:0:0:0:
192,192,30231,128,0,30433:0:0:0:0:
64,192,30433,1,0,0:0:0:0:
320,192,30636,128,0,30737:0:0:0:0:
64,192,30737,1,0,0:0:0:0:
448,192,30737,1,0,0:0:0:0:
192,192,30737,128,0,30940:0:0:0:0:
320,192,30839,128,0,31042:0:0:0:0:
448,192,30940,128,0,31143:0:0:0:0:
64,192,31042,128,0,31143:0:0:0:0:
320,192,31143,128,0,31346:0:0:0:0:
192,192,31143,128,0,31244:0:0:0:0:
448,192,31346,128,0,31548:0:0:0:0:
64,192,31346,1,0,0:0:0:0:
64,192,31548,128,0,31751:0:0:0:0:
192,192,31751,128,0,31954:0:0:0:0:
320,192,31852,128,0,32055:0:0:0:0:
448,192,31954,128,0,32156:0:0:0:0:
64,192,32156,1,0,0:0:0:0:
320,192,32258,128,0,32359:0:0:0:0:
192,192,32359,128,0,32562:0:0:0:0:
448,192,32359,1,0,0:0:0:0:
64,192,32359,1,0,0:0:0:0:
320,192,32460,128,0,32562:0:0:0:0:
448,192,32562,128,0,32765:0:0:0:0:
64,192,32663,128,0,32765:0:0:0:0:
192,192,32765,128,0,32866:0:0:0:0:
320,192,32765,128,0,32967:0:0:0:0:
448,192,32967,128,0,33170:0:0:0:0:
64,192,32967,1,0,0:0:0:0:
64,192,33170,128,0,33474:0:0:0:0:
320,192,33373,128,0,33677:0:0:0:0:
192,192,33575,128,0,33677:0:0:0:0:
64,192,33677,5,0,0:0:0:0:
192,192,33879,128,0,33981:0:0:0:0:
448,192,33981,1,0,0:0:0:0:
64,192,33981,1,0,0:0:0:0:
320,192,33981,128,0,34183:0:0:0:0:
192,192,34082,128,0,34183:0:0:0:0:
64,192,34183,128,0,34386:0:0:0:0:
448,192,34285,128,0,34386:0:0:0:0:
192,192,34386,128,0,34589:0:0:0:0:
320,192,34386,128,0,34487:0:0:0:0:
64,192,34589,128,0,34690:0:0:0:0:
64,192,34792,128,0,34994:0:0:0:0:
448,192,34792,128,0,34994:0:0:0:0:
192,192,34792,1,0,0:0:0:0:
320,192,34792,1,0,0:0:0:0:
192,192,34994,128,0,35096:0:0:0:0:
320,192,35197,128,0,35400:0:0:0:0:
448,192,35298,128,0,35400:0:0:0:0:
192,192,35400,1,0,0:0:0:0:
64,192,35501,1,0,0:0:0:0:
192,192,35602,1,0,0:0:0:0:
448,192,35602,128,0,35805:0:0:0:0:
320,192,35602,1,0,0:0:0:0:
320,192,35704,128,0,35805:0:0:0:0:
64,192,35805,128,0,36008:0:0:0:0:
192,192,35906,128,0,36008:0:0:0:0:
320,192,36008,128,0,36210:0:0:0:0:
192,192,36210,128,0,36413:0:0:0:0:
448,192,36210,1,0,0:0:0:0:
448,192,36413,128,0,36616:0:0:0:0:
64,192,36413,128,0,36616:0:0:0:0:
320,192,36413,1,0,0:0:0:0:
320,192,36616,128,0,36717:0:0:0:0:
192,192,36819,128,0,37021:0:0:0:0:
64,192,36920,128,0,37021:0:0:0:0:
320,192,37021,1,0,0:0:0:0:
448,192,37123,1,0,0:0:0:0:
320,192,37224,1,0,0:0:0:0:
64,192,37224,128,0,37427:0:0:0:0:
192,192,37224,1,0,0:0:0:0:
192,192,37325,128,0,37427:0:0:0:0:
448,192,37427,128,0,37629:0:0:0:0:
320,192,37528,128,0,37629:0:0:0:0:
192,192,37629,128,0,37832:0:0:0:0:
320,192,37832,128,0,38035:0:0:0:0:
192,192,38035,1,0,0:0:0:0:
64,192,38035,128,0,38237:0:0:0:0:
448,192,38035,128,0,38237:0:0:0:0:
192,192,38237,128,0,38339:0:0:0:0:
320,192,38440,128,0,38643:0:0:0:0:
448,192,38542,128,0,38643:0:0:0:0:
192,192,38643,1,0,0:0:0:0:
64,192,38744,1,0,0:0:0:0:
320,192,38846,1,0,0:0:0:0:
448,192,38846,128,0,39048:0:0:0:0:
192,192,38846,1,0,0:0:0:0:
320,192,38947,128,0,39048:0:0:0:0:
64,192,39048,128,0,39251:0:0:0:0:
192,192,39150,128,0,39251:0:0:0:0:
320,192,39251,128,0,39454:0:0:0:0:
448,192,39454,1,0,0:0:0:0:
192,192,39454,128,0,39656:0:0:0:0:
320,192,39656,1,0,0:0:0:0:
64,192,39656,128,0,39859:0:0:0:0:
448,192,39656,128,0,39859:0:0:0:0:
320,192,39859,128,0,39960:0:0:0:0:
192,192,40062,128,0,40265:0:0:0:0:
64,192,40163,128,0,40265:0:0:0:0:
320,192,40265,1,0,0:0:0:0:
448,192,40366,1,0,0:0:0:0:
64,192,40467,128,0,40670:0:0:0:0:
320,192,40467,1,0,0:0:0:0:
192,192,40467,128,0,40670:0:0:0:0:
448,192,40670,128,0,40873:0:0:0:0:
320,192,40670,128,0,40873:0:0:0:0:
192,192,40873,128,0,41075:0:0:0:0:
320,192,41075,128,0,41278:0:0:0:0:
192,192,41278,1,0,0:0:0:0:
448,192,41278,128,0,41481:0:0:0:0:
64,192,41278,128,0,41481:0:0:0:0:
192,192,41481,128,0,41582:0:0:0:0:
320,192,41683,128,0,41886:0:0:0:0:
448,192,41785,128,0,41886:0:0:0:0:
192,192,41886,1,0,0:0:0:0:
64,192,41987,1,0,0:0:0:0:
448,192,42089,128,0,42292:0:0:0:0:
192,192,42089,1,0,0:0:0:0:
320,192,42089,1,0,0:0:0:0:
320,192,42190,128,0,42292:0:0:0:0:
64,192,42292,128,0,42494:0:0:0:0:
192,192,42393,128,0,42494:0:0:0:0:
320,192,42494,128,0,42697:0:0:0:0:
192,192,42697,128,0,42900:0:0:0:0:
448,192,42697,1,0,0:0:0:0:
320,192,42900,1,0,0:0:0:0:
448,192,42900,128,0,43102:0:0:0:0:
64,192,42900,128,0,43102:0:0:0:0:
320,192,43102,128,0,43204:0:0:0:0:
192,192,43305,128,0,43508:0:0:0:0:
64,192,43406,128,0,43508:0:0:0:0:
320,192,43508,1,0,0:0:0:0:
448,192,43609,1,0,0:0:0:0:
320,192,43710,1,0,0:0:0:0:
192,192,43710,128,0,43913:0:0:0:0:
64,192,43710,128,0,43913:0:0:0:0:
320,192,43913,128,0,44116:0:0:0:0:
448,192,43913,128,0,44116:0:0:0:0:
192,192,44116,128,0,44319:0:0:0:0:
320,192,44319,128,0,44521:0:0:0:0:
64,192,44521,128,0,44724:0:0:0:0:
448,192,44521,128,0,44724:0:0:0:0:
192,192,44521,1,0,0:0:0:0:
192,192,44724,128,0,44825:0:0:0:0:
320,192,44927,128,0,45129:0:0:0:0:
448,192,45028,128,0,45129:0:0:0:0:
192,192,45129,1,0,0:0:0:0:
64,192,45231,1,0,0:0:0:0:
192,192,45332,1,0,0:0:0:0:
448,192,45332,128,0,45535:0:0:0:0:
320,192,45332,128,0,45535:0:0:0:0:
64,192,45535,128,0,45737:0:0:0:0:
192,192,45535,128,0,45737:0:0:0:0:
320,192,45737,128,0,45940:0:0:0:0:
448,192,45940,1,0,0:0:0:0:
192,192,45940,128,0,46143:0:0:0:0:
64,192,46143,128,0,46346:0:0:0:0:
448,192,46143,128,0,46346:0:0:0:0:
320,192,46143,1,0,0:0:0:0:
320,192,46346,128,0,46447:0:0:0:0:
192,192,46548,128,0,46751:0:0:0:0:
64,192,46650,128,0,46751:0:0:0:0:
320,192,46751,128,0,47258:0:0:0:0:
192,192,46954,1,0,0:0:0:0:
64,192,46954,1,0,0:0:0:0:
448,192,46954,1,0,0:0:0:0:
192,192,47359,128,0,47460:0:0:0:0:
64,192,47460,1,0,0:0:0:0:
320,192,47562,128,0,47663:0:0:0:0:
448,192,47663,1,0,0:0:0:0:
64,192,47765,128,0,47967:0:0:0:0:
320,192,47765,1,0,0:0:0:0:
448,192,47765,1,0,0:0:0:0:
192,192,47866,128,0,48069:0:0:0:0:
320,192,47967,128,0,48170:0:0:0:0:
448,192,48069,128,0,48170:0:0:0:0:
64,192,48170,128,0,48373:0:0:0:0:
448,192,48271,128,0,48373:0:0:0:0:
320,192,48373,128,0,48575:0:0:0:0:
192,192,48474,128,0,48575:0:0:0:0:
448,192,48575,1,0,0:0:0:0:
64,192,48575,128,0,48778:0:0:0:0:
320,192,48677,128,0,48778:0:0:0:0:
448,192,48778,128,0,48981:0:0:0:0:
192,192,48879,128,0,48981:0:0:0:0:
320,192,48981,128,0,49183:0:0:0:0:
64,192,49082,1,0,0:0:0:0:
192,192,49183,1,0,0:0:0:0:
192,192,49285,1,0,0:0:0:0:
448,192,49386,1,0,0:0:0:0:
320,192,49386,128,0,49589:0:0:0:0:
64,192,49487,128,0,49589:0:0:0:0:
448,192,49589,128,0,49893:0:0:0:0:
320,192,49690,128,0,49994:0:0:0:0:
64,192,49792,128,0,49994:0:0:0:0:
192,192,49893,128,0,49994:0:0:0:0:
448,192,49994,128,0,50197:0:0:0:0:
64,192,50096,128,0,50197:0:0:0:0:
320,192,50197,128,0,50400:0:0:0:0:
192,192,50197,1,0,0:0:0:0:
192,192,50602,128,0,50704:0:0:0:0:
64,192,50704,1,0,0:0:0:0:
320,192,50805,128,0,50906:0:0:0:0:
448,192,50906,1,0,0:0:0:0:
448,192,51008,128,0,51210:0:0:0:0:
192,192,51008,1,0,0:0:0:0:
64,192,51008,1,0,0:0:0:0:
320,192,51109,128,0,51312:0:0:0:0:
192,192,51210,128,0,51413:0:0:0:0:
64,192,51312,128,0,51413:0:0:0:0:
448,192,51413,128,0,51616:0:0:0:0:
64,192,51515,128,0,51616:0:0:0:0:
192,192,51616,128,0,51819:0:0:0:0:
320,192,51717,128,0,51819:0:0:0:0:
64,192,51819,1,0,0:0:0:0:
448,192,51819,128,0,52021:0:0:0:0:
192,192,51920,128,0,52021:0:0:0:0:
64,192,52021,128,0,52224:0:0:0:0:
320,192,52123,128,0,52224:0:0:0:0:
192,192,52224,128,0,52427:0:0:0:0:
448,192,52325,1,0,0:0:0:0:
320,192,52427,1,0,0:0:0:0:
320,192,52528,1,0,0:0:0:0:
64,192,52629,1,0,0:0:0:0:
192,192,52629,128,0,52832:0:0:0:0:
448,192,52731,128,0,52832:0:0:0:0:
64,192,52832,128,0,53136:0:0:0:0:
192,192,52933,128,0,53237:0:0:0:0:
448,192,53035,128,0,53237:0:0:0:0:
320,192,53136,128,0,53237:0:0:0:0:
64,192,53237,128,0,53440:0:0:0:0:
448,192,53339,128,0,53440:0:0:0:0:
192,192,53440,128,0,53643:0:0:0:0:
320,192,53440,1,0,0:0:0:0:
192,192,53846,128,0,53947:0:0:0:0:
320,192,53846,1,0,0:0:0:0:
64,192,53947,1,0,0:0:0:0:
320,192,54048,128,0,54150:0:0:0:0:
192,192,54048,1,0,0:0:0:0:
448,192,54150,1,0,0:0:0:0:
64,192,54251,128,0,54454:0:0:0:0:
192,192,54352,128,0,54454:0:0:0:0:
320,192,54454,128,0,54555:0:0:0:0:
192,192,54656,1,0,0:0:0:0:
320,192,54656,128,0,54758:0:0:0:0:
448,192,54758,1,0,0:0:0:0:
320,192,54859,1,0,0:0:0:0:
192,192,54859,128,0,54960:0:0:0:0:
64,192,54960,1,0,0:0:0:0:
448,192,55062,128,0,55265:0:0:0:0:
320,192,55163,128,0,55265:0:0:0:0:
192,192,55265,128,0,55366:0:0:0:0:
320,192,55366,1,0,0:0:0:0:
64,192,55467,128,0,55670:0:0:0:0:
448,192,55569,128,0,55670:0:0:0:0:
192,192,55670,128,0,55771:0:0:0:0:
320,192,55670,1,0,0:0:0:0:
448,192,55771,1,0,0:0:0:0:
64,192,55873,128,0,56075:0:0:0:0:
320,192,55873,1,0,0:0:0:0:
192,192,55974,128,0,56177:0:0:0:0:
320,192,56075,128,0,56278:0:0:0:0:
448,192,56177,128,0,56278:0:0:0:0:
64,192,56278,128,0,56481:0:0:0:0:
192,192,56379,128,0,56582:0:0:0:0:
448,192,56481,128,0,56785:0:0:0:0:
320,192,56582,128,0,56785:0:0:0:0:
64,192,56683,128,0,56886:0:0:0:0:
192,192,56785,128,0,56886:0:0:0:0:
320,192,56886,128,0,57089:0:0:0:0:
448,192,56987,128,0,57089:0:0:0:0:
64,192,57089,128,0,57190:0:0:0:0:
192,192,57190,128,0,57494:0:0:0:0:
320,192,57292,128,0,57494:0:0:0:0:
448,192,57393,128,0,57494:0:0:0:0:
64,192,57494,128,0,57596:0:0:0:0:
448,192,57697,128,0,57798:0:0:0:0:
320,192,57900,128,0,58102:0:0:0:0:
192,192,58001,128,0,58204:0:0:0:0:
64,192,58102,128,0,58305:0:0:0:0:
448,192,58204,128,0,58305:0:0:0:0:
320,192,58305,128,0,58508:0:0:0:0:
192,192,58305,1,0,0:0:0:0:
448,192,58508,1,0,0:0:0:0:
192,192,58710,128,0,58913:0:0:0:0:
64,192,58812,128,0,58913:0:0:0:0:
320,192,58913,128,0,59116:0:0:0:0:
448,192,59015,128,0,59116:0:0:0:0:
192,192,59116,128,0,59420:0:0:0:0:
64,192,59217,128,0,59420:0:0:0:0:
320,192,59319,128,0,59521:0:0:0:0:
448,192,59420,128,0,59521:0:0:0:0:
192,192,59521,1,0,0:0:0:0:
320,192,59623,5,0,0:0:0:0:
448,192,59825,128,0,60028:0:0:0:0:
64,192,59927,128,0,60332:0:0:0:0:
192,192,59927,1,0,0:0:0:0:
320,192,59927,1,0,0:0:0:0:
64,192,60737,128,0,60940:0:0:0:0:
448,192,60737,128,0,60940:0:0:0:0:
320,192,60737,1,0,0:0:0:0:
192,192,60839,1,0,0:0:0:0:
320,192,60940,128,0,61143:0:0:0:0:
192,192,61042,128,0,61143:0:0:0:0:
64,192,61143,128,0,61244:0:0:0:0:
448,192,61143,1,0,0:0:0:0:
320,192,61244,1,0,0:0:0:0:
64,192,61346,128,0,61548:0:0:0:0:
448,192,61346,128,0,61548:0:0:0:0:
192,192,61346,1,0,0:0:0:0:
320,192,61447,1,0,0:0:0:0:
192,192,61548,128,0,61751:0:0:0:0:
320,192,61650,128,0,61751:0:0:0:0:
448,192,61751,128,0,61852:0:0:0:0:
64,192,61751,1,0,0:0:0:0:
192,192,61852,1,0,0:0:0:0:
448,192,61954,128,0,62156:0:0:0:0:
64,192,61954,128,0,62156:0:0:0:0:
320,192,61954,1,0,0:0:0:0:
192,192,62055,1,0,0:0:0:0:
320,192,62156,128,0,62359:0:0:0:0:
192,192,62258,128,0,62359:0:0:0:0:
64,192,62359,128,0,62460:0:0:0:0:
448,192,62359,1,0,0:0:0:0:
320,192,62460,1,0,0:0:0:0:
448,192,62562,128,0,62765:0:0:0:0:
64,192,62562,128,0,62765:0:0:0:0:
192,192,62562,1,0,0:0:0:0:
320,192,62663,1,0,0:0:0:0:
192,192,62765,128,0,62967:0:0:0:0:
320,192,62866,128,0,62967:0:0:0:0:
448,192,62967,128,0,63069:0:0:0:0:
64,192,62967,1,0,0:0:0:0:
192,192,63069,1,0,0:0:0:0:
64,192,63170,128,0,63373:0:0:0:0:
320,192,63170,128,0,63373:0:0:0:0:
448,192,63170,1,0,0:0:0:0:
192,192,63170,1,0,0:0:0:0:
192,192,63373,128,0,63575:0:0:0:0:
448,192,63373,128,0,63575:0:0:0:0:
320,192,63575,128,0,64589:0:0:0:0:
64,192,63575,1,0,0:0:0:0:
192,192,63778,1,0,0:0:0:0:
64,192,63981,128,0,64082:0:0:0:0:
192,192,63981,128,0,64082:0:0:0:0:
448,192,63981,128,0,64082:0:0:0:0:
64,192,64183,1,0,0:0:0:0:
192,192,64386,1,0,0:0:0:0:
192,192,64589,128,0,64792:0:0:0:0:
64,192,64792,1,0,0:0:0:0:
448,192,64792,1,0,0:0:0:0:
320,192,64792,1,0,0:0:0:0:
320,192,64994,1,0,0:0:0:0:
448,192,65197,1,0,0:0:0:0:
64,192,65197,1,0,0:0:0:0:
192,192,65400,128,0,65501:0:0:0:0:
64,192,65400,128,0,65602:0:0:0:0:
320,192,65602,128,0,65704:0:0:0:0:
448,192,65602,128,0,65805:0:0:0:0:
192,192,65602,1,0,0:0:0:0:
192,192,65805,128,0,65906:0:0:0:0:
320,192,65805,128,0,66210:0:0:0:0:
64,192,66008,1,0,0:0:0:0:
448,192,66008,1,0,0:0:0:0:
64,192,66210,1,0,0:0:0:0:
192,192,66210,1,0,0:0:0:0:
448,192,66210,1,0,0:0:0:0:
64,192,66413,1,0,0:0:0:0:
320,192,66413,1,0,0:0:0:0:
448,192,66413,1,0,0:0:0:0:
192,192,66413,128,0,66616:0:0:0:0:
64,192,66616,1,0,0:0:0:0:
320,192,66717,128,0,66920:0:0:0:0:
192,192,66819,1,0,0:0:0:0:
448,192,67021,128,0,67224:0:0:0:0:
320,192,67021,1,0,0:0:0:0:
192,192,67224,128,0,67629:0:0:0:0:
64,192,67224,1,0,0:0:0:0:
320,192,67224,1,0,0:0:0:0:
64,192,67427,1,0,0:0:0:0:
448,192,67629,1,0,0:0:0:0:
320,192,67832,128,0,68035:0:0:0:0:
192,192,67832,1,0,0:0:0:0:
192,192,68035,128,0,68237:0:0:0:0:
448,192,68035,1,0,0:0:0:0:
64,192,68035,1,0,0:0:0:0:
320,192,68237,128,0,68440:0:0:0:0:
64,192,68440,128,0,68643:0:0:0:0:
448,192,68440,1,0,0:0:0:0:
192,192,68643,128,0,68846:0:0:0:0:
320,192,68643,1,0,0:0:0:0:
320,192,68846,128,0,69048:0:0:0:0:
64,192,68846,128,0,69048:0:0:0:0:
448,192,68846,1,0,0:0:0:0:
192,192,69150,128,0,69352:0:0:0:0:
320,192,69150,128,0,69352:0:0:0:0:
192,192,69454,128,0,69656:0:0:0:0:
448,192,69454,128,0,69656:0:0:0:0:
64,192,69454,1,0,0:0:0:0:
320,192,69656,1,0,0:0:0:0:
192,192,69859,1,0,0:0:0:0:
448,192,70062,1,0,0:0:0:0:
192,192,70265,128,0,70366:0:0:0:0:
320,192,70265,128,0,70366:0:0:0:0:
64,192,70467,128,0,70771:0:0:0:0:
448,192,70467,128,0,70771:0:0:0:0:
320,192,70670,128,0,70974:0:0:0:0:
192,192,70873,128,0,71177:0:0:0:0:
64,192,70873,128,0,71177:0:0:0:0:
448,192,71075,128,0,71379:0:0:0:0:
320,192,71278,128,0,71582:0:0:0:0:
192,192,71278,128,0,71582:0:0:0:0:
64,192,71278,1,0,0:0:0:0:
64,192,71481,128,0,71785:0:0:0:0:
320,192,71683,128,0,71987:0:0:0:0:
448,192,71683,128,0,71987:0:0:0:0:
192,192,71886,128,0,72089:0:0:0:0:
64,192,72089,128,0,72292:0:0:0:0:
448,192,72089,128,0,72292:0:0:0:0:
320,192,72089,1,0,0:0:0:0:
192,192,72292,128,0,72494:0:0:0:0:
320,192,72393,1,0,0:0:0:0:
448,192,72494,128,0,72697:0:0:0:0:
320,192,72697,1,0,0:0:0:0:
320,192,72900,128,0,73305:0:0:0:0:
192,192,72900,1,0,0:0:0:0:
64,192,72900,1,0,0:0:0:0:
448,192,72900,1,0,0:0:0:0:
192,192,73204,128,0,73305:0:0:0:0:
448,192,73305,128,0,73508:0:0:0:0:
64,192,73305,1,0,0:0:0:0:
64,192,73508,128,0,73710:0:0:0:0:
448,192,73710,128,0,73913:0:0:0:0:
192,192,73913,128,0,74116:0:0:0:0:
64,192,74015,128,0,74116:0:0:0:0:
448,192,74015,1,0,0:0:0:0:
320,192,74116,128,0,74319:0:0:0:0:
448,192,74183,128,0,74319:0:0:0:0:
192,192,74251,1,0,0:0:0:0:
64,192,74319,128,0,74521:0:0:0:0:
320,192,74521,128,0,74724:0:0:0:0:
448,192,74623,128,0,74724:0:0:0:0:
64,192,74623,1,0,0:0:0:0:
192,192,74724,128,0,74927:0:0:0:0:
64,192,74792,128,0,74927:0:0:0:0:
320,192,74859,1,0,0:0:0:0:
448,192,74927,128,0,75129:0:0:0:0:
192,192,75129,128,0,75332:0:0:0:0:
448,192,75231,1,0,0:0:0:0:
64,192,75231,128,0,75332:0:0:0:0:
320,192,75332,128,0,75535:0:0:0:0:
448,192,75400,128,0,75535:0:0:0:0:
192,192,75467,1,0,0:0:0:0:
64,192,75535,128,0,75737:0:0:0:0:
320,192,75737,128,0,75940:0:0:0:0:
64,192,75839,1,0,0:0:0:0:
448,192,75839,128,0,75940:0:0:0:0:
192,192,75940,128,0,76143:0:0:0:0:
64,192,76008,128,0,76143:0:0:0:0:
320,192,76075,1,0,0:0:0:0:
448,192,76143,128,0,76346:0:0:0:0:
320,192,76244,128,0,76346:0:0:0:0:
192,192,76346,128,0,76548:0:0:0:0:
64,192,76346,128,0,76548:0:0:0:0:
320,192,76548,128,0,77562:0:0:0:0:
448,192,76548,1,0,0:0:0:0:
192,192,76751,1,0,0:0:0:0:
64,192,76954,1,0,0:0:0:0:
192,192,76954,1,0,0:0:0:0:
448,192,76954,1,0,0:0:0:0:
64,192,77156,1,0,0:0:0:0:
448,192,77359,1,0,0:0:0:0:
192,192,77562,128,0,77765:0:0:0:0:
64,192,77562,1,0,0:0:0:0:
64,192,77765,128,0,78170:0:0:0:0:
448,192,77765,1,0,0:0:0:0:
320,192,77765,1,0,0:0:0:0:
320,192,77967,1,0,0:0:0:0:
192,192,78170,1,0,0:0:0:0:
320,192,78373,128,0,78474:0:0:0:0:
64,192,78373,128,0,78575:0:0:0:0:
448,192,78373,1,0,0:0:0:0:
192,192,78575,128,0,78677:0:0:0:0:
448,192,78575,128,0,78778:0:0:0:0:
320,192,78575,1,0,0:0:0:0:
64,192,78778,1,0,0:0:0:0:
320,192,78778,128,0,78879:0:0:0:0:
192,192,78778,128,0,78981:0:0:0:0:
448,192,78981,1,0,0:0:0:0:
64,192,79183,1,0,0:0:0:0:
192,192,79183,1,0,0:0:0:0:
192,192,79386,128,0,79589:0:0:0:0:
64,192,79386,1,0,0:0:0:0:
320,192,79386,1,0,0:0:0:0:
448,192,79386,1,0,0:0:0:0:
64,192,79589,1,0,0:0:0:0:
320,192,79690,128,0,79893:0:0:0:0:
448,192,79792,1,0,0:0:0:0:
64,192,79994,128,0,80197:0:0:0:0:
192,192,79994,1,0,0:0:0:0:
448,192,80197,128,0,80400:0:0:0:0:
320,192,80197,1,0,0:0:0:0:
192,192,80197,1,0,0:0:0:0:
64,192,80400,1,0,0:0:0:0:
192,192,80501,128,0,80704:0:0:0:0:
320,192,80602,1,0,0:0:0:0:
64,192,80805,128,0,81008:0:0:0:0:
448,192,80805,1,0,0:0:0:0:
192,192,81008,1,0,0:0:0:0:
320,192,81008,1,0,0:0:0:0:
448,192,81008,128,0,81210:0:0:0:0:
64,192,81210,1,0,0:0:0:0:
320,192,81312,128,0,81515:0:0:0:0:
448,192,81413,1,0,0:0:0:0:
64,192,81616,128,0,81819:0:0:0:0:
192,192,81616,1,0,0:0:0:0:
448,192,81819,128,0,82021:0:0:0:0:
320,192,81819,1,0,0:0:0:0:
192,192,81819,1,0,0:0:0:0:
64,192,82021,1,0,0:0:0:0:
320,192,82123,128,0,82325:0:0:0:0:
192,192,82224,1,0,0:0:0:0:
192,192,82427,128,0,82629:0:0:0:0:
320,192,82427,1,0,0:0:0:0:
320,192,82629,128,0,83035:0:0:0:0:
64,192,82629,1,0,0:0:0:0:
448,192,82629,1,0,0:0:0:0:
64,192,82832,1,0,0:0:0:0:
192,192,83035,1,0,0:0:0:0:
320,192,83237,1,0,0:0:0:0:
64,192,83237,128,0,83440:0:0:0:0:
192,192,83440,128,0,83846:0:0:0:0:
320,192,83440,128,0,83542:0:0:0:0:
448,192,83440,1,0,0:0:0:0:
64,192,83744,128,0,84150:0:0:0:0:
448,192,83744,128,0,83846:0:0:0:0:
320,192,83744,1,0,0:0:0:0:
448,192,84048,128,0,84352:0:0:0:0:
192,192,84048,128,0,84150:0:0:0:0:
320,192,84048,1,0,0:0:0:0:
320,192,84251,128,0,84656:0:0:0:0:
64,192,84251,128,0,84352:0:0:0:0:
192,192,84251,1,0,0:0:0:0:
448,192,84555,128,0,84960:0:0:0:0:
192,192,84555,128,0,84656:0:0:0:0:
64,192,84555,1,0,0:0:0:0:
64,192,84859,128,0,85163:0:0:0:0:
320,192,84859,128,0,84960:0:0:0:0:
192,192,84859,1,0,0:0:0:0:
320,192,85062,128,0,85366:0:0:0:0:
448,192,85062,1,0,0:0:0:0:
64,192,85366,1,0,0:0:0:0:
320,192,85670,128,0,85771:0:0:0:0:
192,192,85670,1,0,0:0:0:0:
320,192,85873,128,0,86278:0:0:0:0:
448,192,85873,1,0,0:0:0:0:
192,192,86075,1,0,0:0:0:0:
64,192,86177,128,0,86481:0:0:0:0:
448,192,86278,1,0,0:0:0:0:
192,192,86379,1,0,0:0:0:0:
448,192,86481,128,0,86683:0:0:0:0:
320,192,86481,1,0,0:0:0:0:
192,192,86582,1,0,0:0:0:0:
64,192,86683,128,0,86886:0:0:0:0:
320,192,86683,1,0,0:0:0:0:
192,192,86785,128,0,86886:0:0:0:0:
320,192,86886,128,0,87089:0:0:0:0:
448,192,86987,128,0,87089:0:0:0:0:
64,192,87089,128,0,87292:0:0:0:0:
192,192,87089,128,0,87190:0:0:0:0:
320,192,87190,1,0,0:0:0:0:
448,192,87292,128,0,87494:0:0:0:0:
192,192,87292,1,0,0:0:0:0:
320,192,87393,128,0,87494:0:0:0:0:
192,192,87494,128,0,87697:0:0:0:0:
64,192,87596,128,0,87697:0:0:0:0:
448,192,87697,128,0,87900:0:0:0:0:
320,192,87697,128,0,87798:0:0:0:0:
192,192,87798,1,0,0:0:0:0:
64,192,87900,128,0,88102:0:0:0:0:
320,192,87900,1,0,0:0:0:0:
192,192,88001,128,0,88102:0:0:0:0:
320,192,88102,128,0,88305:0:0:0:0:
448,192,88204,128,0,88305:0:0:0:0:
192,192,88305,128,0,88406:0:0:0:0:
64,192,88305,128,0,88508:0:0:0:0:
320,192,88406,1,0,0:0:0:0:
448,192,88508,128,0,88710:0:0:0:0:
192,192,88508,1,0,0:0:0:0:
320,192,88609,128,0,88710:0:0:0:0:
192,192,88710,128,0,88913:0:0:0:0:
64,192,88812,128,0,88913:0:0:0:0:
448,192,88913,128,0,89116:0:0:0:0:
320,192,88913,128,0,89015:0:0:0:0:
192,192,89015,1,0,0:0:0:0:
64,192,89116,128,0,89319:0:0:0:0:
320,192,89116,1,0,0:0:0:0:
192,192,89217,128,0,89319:0:0:0:0:
320,192,89319,128,0,89521:0:0:0:0:
448,192,89420,128,0,89521:0:0:0:0:
64,192,89521,128,0,89724:0:0:0:0:
192,192,89521,128,0,89623:0:0:0:0:
320,192,89623,1,0,0:0:0:0:
448,192,89724,128,0,89927:0:0:0:0:
192,192,89724,1,0,0:0:0:0:
320,192,89825,128,0,89927:0:0:0:0:
192,192,89927,128,0,90129:0:0:0:0:
64,192,90028,128,0,90129:0:0:0:0:
320,192,90129,128,0,90231:0:0:0:0:
448,192,90129,128,0,90332:0:0:0:0:
192,192,90231,1,0,0:0:0:0:
64,192,90332,128,0,90535:0:0:0:0:
320,192,90332,1,0,0:0:0:0:
192,192,90433,128,0,90535:0:0:0:0:
320,192,90535,128,0,90737:0:0:0:0:
448,192,90636,128,0,90737:0:0:0:0:
192,192,90737,128,0,90839:0:0:0:0:
64,192,90737,128,0,90940:0:0:0:0:
320,192,90839,1,0,0:0:0:0:
448,192,90940,128,0,91143:0:0:0:0:
192,192,90940,1,0,0:0:0:0:
320,192,91042,128,0,91143:0:0:0:0:
192,192,91143,128,0,91346:0:0:0:0:
64,192,91244,128,0,91346:0:0:0:0:
448,192,91346,128,0,91548:0:0:0:0:
320,192,91346,128,0,91447:0:0:0:0:
192,192,91447,1,0,0:0:0:0:
64,192,91548,128,0,91751:0:0:0:0:
320,192,91548,1,0,0:0:0:0:
192,192,91650,128,0,91751:0:0:0:0:
320,192,91751,128,0,91954:0:0:0:0:
448,192,91852,128,0,91954:0:0:0:0:
64,192,91954,128,0,92156:0:0:0:0:
192,192,91954,128,0,92055:0:0:0:0:
320,192,92055,1,0,0:0:0:0:
448,192,92156,128,0,92359:0:0:0:0:
192,192,92156,1,0,0:0:0:0:
320,192,92258,128,0,92359:0:0:0:0:
192,192,92359,128,0,92562:0:0:0:0:
64,192,92460,128,0,92562:0:0:0:0:
320,192,92562,128,0,92663:0:0:0:0:
448,192,92562,128,0,92765:0:0:0:0:
192,192,92663,1,0,0:0:0:0:
64,192,92765,128,0,92967:0:0:0:0:
320,192,92765,1,0,0:0:0:0:
192,192,92866,128,0,92967:0:0:0:0:
320,192,92967,128,0,93170:0:0:0:0:
448,192,93069,128,0,93170:0:0:0:0:
192,192,93170,128,0,93271:0:0:0:0:
64,192,93170,128,0,93373:0:0:0:0:
320,192,93271,1,0,0:0:0:0:
448,192,93373,128,0,93575:0:0:0:0:
192,192,93373,1,0,0:0:0:0:
320,192,93474,128,0,93575:0:0:0:0:
192,192,93575,128,0,93778:0:0:0:0:
64,192,93677,128,0,93778:0:0:0:0:
448,192,93778,128,0,93981:0:0:0:0:
320,192,93778,128,0,93879:0:0:0:0:
192,192,93879,1,0,0:0:0:0:
64,192,93981,128,0,94183:0:0:0:0:
320,192,93981,1,0,0:0:0:0:
192,192,94082,128,0,94183:0:0:0:0:
320,192,94183,128,0,94386:0:0:0:0:
448,192,94285,128,0,94386:0:0:0:0:
64,192,94386,128,0,94589:0:0:0:0:
192,192,94386,128,0,94487:0:0:0:0:
320,192,94487,1,0,0:0:0:0:
448,192,94589,128,0,94792:0:0:0:0:
192,192,94589,1,0,0:0:0:0:
320,192,94690,128,0,94792:0:0:0:0:
192,192,94792,128,0,94994:0:0:0:0:
64,192,94893,128,0,94994:0:0:0:0:
320,192,94994,128,0,95096:0:0:0:0:
448,192,94994,128,0,95197:0:0:0:0:
192,192,95096,1,0,0:0:0:0:
64,192,95197,128,0,95400:0:0:0:0:
320,192,95197,1,0,0:0:0:0:
192,192,95298,128,0,95400:0:0:0:0:
320,192,95400,128,0,95602:0:0:0:0:
448,192,95501,128,0,95602:0:0:0:0:
192,192,95602,128,0,95704:0:0:0:0:
64,192,95602,128,0,95805:0:0:0:0:
320,192,95704,1,0,0:0:0:0:
448,192,95805,128,0,96008:0:0:0:0:
192,192,95805,1,0,0:0:0:0:
320,192,95906,128,0,96008:0:0:0:0:
192,192,96008,128,0,96210:0:0:0:0:
64,192,96109,128,0,96210:0:0:0:0:
448,192,96210,128,0,96413:0:0:0:0:
320,192,96210,128,0,96312:0:0:0:0:
192,192,96312,1,0,0:0:0:0:
64,192,96413,128,0,96616:0:0:0:0:
320,192,96413,1,0,0:0:0:0:
192,192,96515,128,0,96616:0:0:0:0:
320,192,96616,128,0,96819:0:0:0:0:
448,192,96717,128,0,96819:0:0:0:0:
64,192,96819,128,0,97021:0:0:0:0:
192,192,96819,128,0,96920:0:0:0:0:
320,192,96920,1,0,0:0:0:0:
448,192,97021,128,0,97224:0:0:0:0:
192,192,97021,1,0,0:0:0:0:
320,192,97123,128,0,97224:0:0:0:0:
192,192,97224,128,0,97427:0:0:0:0:
64,192,97325,128,0,97427:0:0:0:0:
320,192,97427,128,0,97528:0:0:0:0:
448,192,97427,128,0,97629:0:0:0:0:
192,192,97528,1,0,0:0:0:0:
64,192,97629,128,0,97832:0:0:0:0:
320,192,97629,1,0,0:0:0:0:
192,192,97731,128,0,97832:0:0:0:0:
320,192,97832,128,0,98035:0:0:0:0:
448,192,97933,128,0,98035:0:0:0:0:
64,192,98035,128,0,98237:0:0:0:0:
192,192,98237,1,0,0:0:0:0:
64,192,98440,1,0,0:0:0:0:
320,192,98440,1,0,0:0:0:0:
448,192,98440,1,0,0:0:0:0:
192,192,98643,128,0,98846:0:0:0:0:
320,192,98744,128,0,98846:0:0:0:0:
448,192,98846,128,0,99048:0:0:0:0:
64,192,98947,128,0,99048:0:0:0:0:
192,192,99048,128,0,99251:0:0:0:0:
320,192,99251,128,0,99454:0:0:0:0:
64,192,99251,1,0,0:0:0:0:
448,192,99251,1,0,0:0:0:0:
448,192,99454,128,0,99555:0:0:0:0:
320,192,99656,128,0,100062:0:0:0:0:
64,192,99656,1,0,0:0:0:0:
192,192,99656,1,0,0:0:0:0:
448,192,99656,1,0,0:0:0:0:
192,192,99859,128,0,100062:0:0:0:0:
64,192,99859,1,0,0:0:0:0:
64,192,100062,128,0,100265:0:0:0:0:
448,192,100062,1,0,0:0:0:0:
192,192,100163,128,0,100265:0:0:0:0:
320,192,100265,128,0,100467:0:0:0:0:
448,192,100366,128,0,100467:0:0:0:0:
64,192,100467,128,0,100569:0:0:0:0:
192,192,100569,128,0,100771:0:0:0:0:
320,192,100670,128,0,100771:0:0:0:0:
448,192,100771,128,0,100974:0:0:0:0:
320,192,100873,1,0,0:0:0:0:
64,192,100873,1,0,0:0:0:0:
64,192,101075,128,0,101278:0:0:0:0:
192,192,101278,128,0,101683:0:0:0:0:
320,192,101278,1,0,0:0:0:0:
448,192,101278,1,0,0:0:0:0:
320,192,101481,128,0,101683:0:0:0:0:
448,192,101481,1,0,0:0:0:0:
64,192,101683,1,0,0:0:0:0:
448,192,101683,128,0,101886:0:0:0:0:
320,192,101785,128,0,101886:0:0:0:0:
192,192,101886,128,0,102089:0:0:0:0:
64,192,101987,128,0,102089:0:0:0:0:
448,192,102089,128,0,102190:0:0:0:0:
320,192,102190,128,0,102393:0:0:0:0:
192,192,102292,128,0,102393:0:0:0:0:
64,192,102494,128,0,102697:0:0:0:0:
192,192,102494,1,0,0:0:0:0:
448,192,102494,1,0,0:0:0:0:
448,192,102697,128,0,102900:0:0:0:0:
64,192,102900,128,0,103305:0:0:0:0:
192,192,102900,1,0,0:0:0:0:
320,192,102900,1,0,0:0:0:0:
448,192,103102,128,0,103305:0:0:0:0:
320,192,103305,128,0,103508:0:0:0:0:
192,192,103406,128,0,103508:0:0:0:0:
64,192,103508,128,0,103710:0:0:0:0:
320,192,103609,128,0,103710:0:0:0:0:
448,192,103710,128,0,103913:0:0:0:0:
192,192,103812,128,0,104015:0:0:0:0:
64,192,103913,128,0,104116:0:0:0:0:
320,192,104015,128,0,104116:0:0:0:0:
448,192,104116,128,0,104319:0:0:0:0:
192,192,104116,1,0,0:0:0:0:
64,192,104319,128,0,104521:0:0:0:0:
448,192,104521,128,0,104927:0:0:0:0:
192,192,104521,1,0,0:0:0:0:
320,192,104521,1,0,0:0:0:0:
64,192,104724,128,0,104927:0:0:0:0:
192,192,104927,128,0,105129:0:0:0:0:
320,192,105028,128,0,105129:0:0:0:0:
448,192,105129,128,0,105332:0:0:0:0:
192,192,105231,128,0,105332:0:0:0:0:
320,192,105332,128,0,105433:0:0:0:0:
64,192,105332,128,0,105433:0:0:0:0:
64,192,105535,128,0,105737:0:0:0:0:
320,192,105535,128,0,105737:0:0:0:0:
448,192,105737,128,0,105940:0:0:0:0:
192,192,105737,1,0,0:0:0:0:
192,192,105940,128,0,106143:0:0:0:0:
320,192,106042,128,0,106143:0:0:0:0:
64,192,106143,1,0,0:0:0:0:
448,192,106143,1,0,0:0:0:0:
320,192,106244,1,0,0:0:0:0:
448,192,106346,128,0,106548:0:0:0:0:
64,192,106346,1,0,0:0:0:0:
192,192,106548,128,0,106852:0:0:0:0:
64,192,106548,1,0,0:0:0:0:
320,192,106852,128,0,106954:0:0:0:0:
448,192,106852,128,0,107055:0:0:0:0:
192,192,106954,1,0,0:0:0:0:
64,192,107055,128,0,107156:0:0:0:0:
192,192,107156,1,0,0:0:0:0:
320,192,107258,128,0,107460:0:0:0:0:
192,192,107359,128,0,107562:0:0:0:0:
448,192,107359,1,0,0:0:0:0:
64,192,107460,128,0,107562:0:0:0:0:
448,192,107562,128,0,107765:0:0:0:0:
320,192,107663,128,0,107765:0:0:0:0:
64,192,107765,128,0,107967:0:0:0:0:
192,192,107765,1,0,0:0:0:0:
320,192,107866,128,0,107967:0:0:0:0:
192,192,107967,128,0,108170:0:0:0:0:
448,192,108069,128,0,108170:0:0:0:0:
320,192,108170,128,0,108373:0:0:0:0:
64,192,108271,128,0,108373:0:0:0:0:
448,192,108373,128,0,108575:0:0:0:0:
192,192,108474,128,0,108575:0:0:0:0:
320,192,108575,128,0,108879:0:0:0:0:
64,192,108575,1,0,0:0:0:0:
192,192,108778,1,0,0:0:0:0:
192,192,108981,128,0,109183:0:0:0:0:
64,192,108981,1,0,0:0:0:0:
320,192,108981,1,0,0:0:0:0:
448,192,108981,1,0,0:0:0:0:
320,192,109183,128,0,109386:0:0:0:0:
64,192,109183,1,0,0:0:0:0:
448,192,109183,1,0,0:0:0:0:
448,192,109386,128,0,109589:0:0:0:0:
192,192,109487,128,0,109589:0:0:0:0:
320,192,109589,128,0,109792:0:0:0:0:
64,192,109690,128,0,109792:0:0:0:0:
192,192,109792,128,0,109893:0:0:0:0:
320,192,109994,128,0,110096:0:0:0:0:
448,192,109994,128,0,110197:0:0:0:0:
64,192,110096,128,0,110197:0:0:0:0:
192,192,110197,128,0,110298:0:0:0:0:
320,192,110197,128,0,110298:0:0:0:0:
192,192,110400,128,0,110501:0:0:0:0:
448,192,110400,128,0,110501:0:0:0:0:
64,192,110602,128,0,110805:0:0:0:0:
448,192,110602,1,0,0:0:0:0:
320,192,110704,128,0,110805:0:0:0:0:
192,192,110805,128,0,111008:0:0:0:0:
448,192,110906,128,0,111008:0:0:0:0:
320,192,111008,128,0,111210:0:0:0:0:
64,192,111109,128,0,111312:0:0:0:0:
192,192,111210,128,0,111413:0:0:0:0:
448,192,111312,128,0,111413:0:0:0:0:
320,192,111413,128,0,111616:0:0:0:0:
64,192,111515,128,0,111616:0:0:0:0:
448,192,111616,128,0,111819:0:0:0:0:
192,192,111717,128,0,111819:0:0:0:0:
320,192,111819,128,0,112123:0:0:0:0:
64,192,111819,1,0,0:0:0:0:
192,192,112224,128,0,112427:0:0:0:0:
64,192,112224,1,0,0:0:0:0:
320,192,112224,1,0,0:0:0:0:
448,192,112224,1,0,0:0:0:0:
320,192,112427,128,0,112629:0:0:0:0:
448,192,112427,1,0,0:0:0:0:
64,192,112427,1,0,0:0:0:0:
64,192,112629,128,0,112832:0:0:0:0:
448,192,112629,1,0,0:0:0:0:
192,192,112731,128,0,112933:0:0:0:0:
320,192,112832,128,0,113035:0:0:0:0:
448,192,112933,128,0,113035:0:0:0:0:
192,192,113035,1,0,0:0:0:0:
64,192,113035,128,0,113237:0:0:0:0:
192,192,113237,128,0,113440:0:0:0:0:
320,192,113237,1,0,0:0:0:0:
64,192,113339,128,0,113440:0:0:0:0:
448,192,113440,128,0,113643:0:0:0:0:
320,192,113542,128,0,113744:0:0:0:0:
192,192,113643,128,0,113846:0:0:0:0:
64,192,113744,128,0,113846:0:0:0:0:
448,192,113846,128,0,114048:0:0:0:0:
192,192,113947,128,0,114048:0:0:0:0:
320,192,114048,128,0,114251:0:0:0:0:
64,192,114048,1,0,0:0:0:0:
448,192,114150,128,0,114251:0:0:0:0:
192,192,114251,128,0,114454:0:0:0:0:
64,192,114352,128,0,114555:0:0:0:0:
320,192,114454,128,0,114656:0:0:0:0:
448,192,114555,128,0,114656:0:0:0:0:
192,192,114656,128,0,114859:0:0:0:0:
64,192,114656,1,0,0:0:0:0:
320,192,114758,128,0,114859:0:0:0:0:
448,192,114859,128,0,115062:0:0:0:0:
64,192,114960,128,0,115062:0:0:0:0:
192,192,115062,128,0,115265:0:0:0:0:
320,192,115062,1,0,0:0:0:0:
448,192,115265,1,0,0:0:0:0:
192,192,115467,1,0,0:0:0:0:
64,192,115467,1,0,0:0:0:0:
320,192,115467,128,0,115670:0:0:0:0:
448,192,115467,1,0,0:0:0:0:
448,192,115670,1,0,0:0:0:0:
64,192,115670,1,0,0:0:0:0:
192,192,115670,128,0,115873:0:0:0:0:
64,192,115873,1,0,0:0:0:0:
448,192,115873,128,0,116075:0:0:0:0:
320,192,115974,128,0,116177:0:0:0:0:
192,192,116075,128,0,116278:0:0:0:0:
64,192,116177,128,0,116278:0:0:0:0:
448,192,116278,128,0,116481:0:0:0:0:
320,192,116278,1,0,0:0:0:0:
192,192,116481,1,0,0:0:0:0:
320,192,116481,128,0,116683:0:0:0:0:
448,192,116582,128,0,116683:0:0:0:0:
64,192,116683,128,0,116886:0:0:0:0:
192,192,116785,128,0,116987:0:0:0:0:
320,192,116886,128,0,117089:0:0:0:0:
448,192,116987,128,0,117089:0:0:0:0:
64,192,117089,128,0,117292:0:0:0:0:
320,192,117190,128,0,117292:0:0:0:0:
448,192,117292,1,0,0:0:0:0:
192,192,117292,128,0,117494:0:0:0:0:
64,192,117393,128,0,117494:0:0:0:0:
320,192,117494,128,0,117697:0:0:0:0:
448,192,117596,128,0,117798:0:0:0:0:
192,192,117697,128,0,117900:0:0:0:0:
64,192,117798,128,0,117900:0:0:0:0:
448,192,117900,1,0,0:0:0:0:
320,192,117900,128,0,118102:0:0:0:0:
192,192,118001,128,0,118102:0:0:0:0:
64,192,118102,128,0,118305:0:0:0:0:
448,192,118204,128,0,118305:0:0:0:0:
192,192,118305,1,0,0:0:0:0:
320,192,118305,128,0,118508:0:0:0:0:
64,192,118508,1,0,0:0:0:0:
192,192,118710,128,0,118913:0:0:0:0:
64,192,118710,1,0,0:0:0:0:
320,192,118710,1,0,0:0:0:0:
448,192,118710,1,0,0:0:0:0:
64,192,118913,1,0,0:0:0:0:
448,192,118913,1,0,0:0:0:0:
320,192,118913,128,0,119116:0:0:0:0:
192,192,119116,128,0,119217:0:0:0:0:
192,192,119319,128,0,119521:0:0:0:0:
64,192,119521,1,0,0:0:0:0:
448,192,119521,128,0,119724:0:0:0:0:
320,192,119724,1,0,0:0:0:0:
192,192,119724,1,0,0:0:0:0:
320,192,119927,128,0,120231:0:0:0:0:
192,192,120028,128,0,120129:0:0:0:0:
64,192,120129,128,0,120332:0:0:0:0:
192,192,120231,1,0,0:0:0:0:
320,192,120332,128,0,120535:0:0:0:0:
448,192,120332,1,0,0:0:0:0:
192,192,120433,128,0,120535:0:0:0:0:
64,192,120535,128,0,120737:0:0:0:0:
448,192,120636,128,0,120737:0:0:0:0:
320,192,120737,128,0,120940:0:0:0:0:
192,192,120839,128,0,120940:0:0:0:0:
64,192,120940,128,0,121143:0:0:0:0:
320,192,121042,128,0,121143:0:0:0:0:
448,192,121143,128,0,121346:0:0:0:0:
192,192,121244,128,0,121346:0:0:0:0:
64,192,121346,128,0,121548:0:0:0:0:
448,192,121447,128,0,121548:0:0:0:0:
192,192,121548,128,0,121751:0:0:0:0:
320,192,121751,128,0,121954:0:0:0:0:
192,192,121954,1,0,0:0:0:0:
448,192,121954,1,0,0:0:0:0:
64,192,121954,128,0,122156:0:0:0:0:
448,192,122156,128,0,122359:0:0:0:0:
192,192,122156,1,0,0:0:0:0:
320,192,122156,1,0,0:0:0:0:
320,192,122359,128,0,122460:0:0:0:0:
320,192,122562,128,0,122765:0:0:0:0:
192,192,122765,1,0,0:0:0:0:
448,192,122765,1,0,0:0:0:0:
64,192,122765,128,0,122967:0:0:0:0:
320,192,122866,128,0,122967:0:0:0:0:
192,192,122967,128,0,123170:0:0:0:0:
448,192,123069,128,0,123170:0:0:0:0:
320,192,123170,128,0,123474:0:0:0:0:
192,192,123575,128,0,123778:0:0:0:0:
320,192,123575,1,0,0:0:0:0:
448,192,123575,1,0,0:0:0:0:
64,192,123677,128,0,123778:0:0:0:0:
320,192,123778,128,0,123981:0:0:0:0:
448,192,123879,128,0,123981:0:0:0:0:
64,192,123981,128,0,124183:0:0:0:0:
192,192,124082,128,0,124183:0:0:0:0:
448,192,124183,128,0,124386:0:0:0:0:
320,192,124285,128,0,124386:0:0:0:0:
192,192,124386,128,0,124589:0:0:0:0:
64,192,124487,128,0,124690:0:0:0:0:
320,192,124690,128,0,124792:0:0:0:0:
448,192,124792,128,0,125197:0:0:0:0:
320,192,125602,1,0,0:0:0:0:
448,192,125602,128,0,125805:0:0:0:0:
64,192,125602,128,0,125805:0:0:0:0:
192,192,125704,1,0,0:0:0:0:
320,192,125805,128,0,126008:0:0:0:0:
192,192,125906,128,0,126008:0:0:0:0:
448,192,126008,1,0,0:0:0:0:
64,192,126008,128,0,126109:0:0:0:0:
320,192,126109,1,0,0:0:0:0:
192,192,126210,1,0,0:0:0:0:
448,192,126210,128,0,126413:0:0:0:0:
64,192,126210,128,0,126413:0:0:0:0:
320,192,126312,1,0,0:0:0:0:
192,192,126413,128,0,126616:0:0:0:0:
320,192,126515,128,0,126616:0:0:0:0:
64,192,126616,1,0,0:0:0:0:
448,192,126616,128,0,126717:0:0:0:0:
192,192,126717,1,0,0:0:0:0:
320,192,126819,1,0,0:0:0:0:
64,192,126819,128,0,127021:0:0:0:0:
448,192,126819,128,0,127021:0:0:0:0:
192,192,126920,1,0,0:0:0:0:
320,192,127021,128,0,127224:0:0:0:0:
192,192,127123,128,0,127224:0:0:0:0:
448,192,127224,1,0,0:0:0:0:
64,192,127224,128,0,127325:0:0:0:0:
320,192,127325,1,0,0:0:0:0:
192,192,127427,1,0,0:0:0:0:
64,192,127427,128,0,127629:0:0:0:0:
448,192,127427,128,0,127629:0:0:0:0:
320,192,127528,1,0,0:0:0:0:
192,192,127629,128,0,127832:0:0:0:0:
320,192,127731,128,0,127832:0:0:0:0:
64,192,127832,1,0,0:0:0:0:
448,192,127832,128,0,127933:0:0:0:0:
192,192,127933,1,0,0:0:0:0:
448,192,128035,1,0,0:0:0:0:
192,192,128035,1,0,0:0:0:0:
64,192,128035,128,0,128237:0:0:0:0:
320,192,128035,128,0,128237:0:0:0:0:
448,192,128237,128,0,128440:0:0:0:0:
192,192,128237,128,0,128440:0:0:0:0:
64,192,128440,1,0,0:0:0:0:
320,192,128440,128,0,129454:0:0:0:0:
192,192,128643,1,0,0:0:0:0:
448,192,128846,128,0,128947:0:0:0:0:
192,192,128846,128,0,128947:0:0:0:0:
64,192,128846,128,0,128947:0:0:0:0:
64,192,129048,1,0,0:0:0:0:
192,192,129251,1,0,0:0:0:0:
192,192,129454,128,0,129656:0:0:0:0:
320,192,129656,1,0,0:0:0:0:
448,192,129656,1,0,0:0:0:0:
64,192,129656,1,0,0:0:0:0:
320,192,129859,1,0,0:0:0:0:
64,192,130062,1,0,0:0:0:0:
448,192,130062,1,0,0:0:0:0:
64,192,130265,128,0,130467:0:0:0:0:
192,192,130265,128,0,130366:0:0:0:0:
192,192,130467,1,0,0:0:0:0:
448,192,130467,128,0,130670:0:0:0:0:
320,192,130467,128,0,130569:0:0:0:0:
320,192,130670,128,0,131075:0:0:0:0:
192,192,130670,128,0,130771:0:0:0:0:
448,192,130873,1,0,0:0:0:0:
64,192,130873,1,0,0:0:0:0:
448,192,131075,1,0,0:0:0:0:
192,192,131075,1,0,0:0:0:0:
64,192,131075,1,0,0:0:0:0:
448,192,131278,1,0,0:0:0:0:
192,192,131278,128,0,131481:0:0:0:0:
64,192,131278,1,0,0:0:0:0:
320,192,131278,1,0,0:0:0:0:
64,192,131481,1,0,0:0:0:0:
320,192,131582,128,0,131785:0:0:0:0:
192,192,131683,1,0,0:0:0:0:
320,192,131886,1,0,0:0:0:0:
448,192,131886,128,0,132089:0:0:0:0:
320,192,132089,1,0,0:0:0:0:
64,192,132089,1,0,0:0:0:0:
192,192,132089,128,0,132494:0:0:0:0:
64,192,132292,1,0,0:0:0:0:
448,192,132494,1,0,0:0:0:0:
192,192,132697,1,0,0:0:0:0:
320,192,132697,128,0,132900:0:0:0:0:
64,192,132900,1,0,0:0:0:0:
448,192,132900,1,0,0:0:0:0:
192,192,132900,128,0,133102:0:0:0:0:
320,192,133102,128,0,133305:0:0:0:0:
448,192,133305,1,0,0:0:0:0:
64,192,133305,128,0,133508:0:0:0:0:
320,192,133508,1,0,0:0:0:0:
192,192,133508,128,0,133710:0:0:0:0:
448,192,133710,1,0,0:0:0:0:
64,192,133710,128,0,133913:0:0:0:0:
320,192,133710,128,0,133913:0:0:0:0:
320,192,134015,128,0,134217:0:0:0:0:
192,192,134015,128,0,134217:0:0:0:0:
64,192,134319,1,0,0:0:0:0:
448,192,134319,128,0,134521:0:0:0:0:
192,192,134319,128,0,134521:0:0:0:0:
320,192,134521,1,0,0:0:0:0:
192,192,134724,1,0,0:0:0:0:
448,192,134927,1,0,0:0:0:0:
320,192,135129,128,0,135231:0:0:0:0:
192,192,135129,128,0,135231:0:0:0:0:
448,192,135332,128,0,135636:0:0:0:0:
64,192,135332,128,0,135636:0:0:0:0:
320,192,135535,128,0,135839:0:0:0:0:
64,192,135737,128,0,136042:0:0:0:0:
192,192,135737,128,0,136042:0:0:0:0:
448,192,135940,128,0,136244:0:0:0:0:
64,192,136143,1,0,0:0:0:0:
192,192,136143,128,0,136447:0:0:0:0:
320,192,136143,128,0,136447:0:0:0:0:
64,192,136346,128,0,136650:0:0:0:0:
448,192,136548,128,0,136852:0:0:0:0:
320,192,136548,128,0,136852:0:0:0:0:
192,192,136751,128,0,136954:0:0:0:0:
320,192,136954,1,0,0:0:0:0:
448,192,136954,128,0,137156:0:0:0:0:
64,192,136954,128,0,137156:0:0:0:0:
192,192,137156,128,0,137359:0:0:0:0:
320,192,137258,1,0,0:0:0:0:
448,192,137359,128,0,137562:0:0:0:0:
320,192,137562,1,0,0:0:0:0:
192,192,137663,1,0,0:0:0:0:
448,192,137765,1,0,0:0:0:0:
320,192,137765,128,0,138170:0:0:0:0:
64,192,137765,1,0,0:0:0:0:
64,192,137967,1,0,0:0:0:0:
192,192,138069,128,0,138170:0:0:0:0:
64,192,138170,1,0,0:0:0:0:
448,192,138170,128,0,138373:0:0:0:0:
64,192,138373,128,0,138575:0:0:0:0:
448,192,138575,128,0,138778:0:0:0:0:
192,192,138778,128,0,138981:0:0:0:0:
448,192,138879,1,0,0:0:0:0:
64,192,138879,128,0,138981:0:0:0:0:
320,192,138981,128,0,139183:0:0:0:0:
448,192,139048,128,0,139183:0:0:0:0:
192,192,139116,1,0,0:0:0:0:
64,192,139183,128,0,139386:0:0:0:0:
320,192,139386,128,0,139589:0:0:0:0:
64,192,139487,1,0,0:0:0:0:
448,192,139487,128,0,139589:0:0:0:0:
192,192,139589,128,0,139792:0:0:0:0:
64,192,139656,128,0,139792:0:0:0:0:
320,192,139724,1,0,0:0:0:0:
448,192,139792,128,0,139994:0:0:0:0:
192,192,139994,128,0,140197:0:0:0:0:
64,192,140096,128,0,140197:0:0:0:0:
448,192,140096,1,0,0:0:0:0:
320,192,140197,128,0,140400:0:0:0:0:
448,192,140265,128,0,140400:0:0:0:0:
192,192,140332,1,0,0:0:0:0:
64,192,140400,128,0,140602:0:0:0:0:
320,192,140602,128,0,140805:0:0:0:0:
448,192,140704,128,0,140805:0:0:0:0:
64,192,140704,1,0,0:0:0:0:
192,192,140805,128,0,141008:0:0:0:0:
64,192,140873,128,0,141008:0:0:0:0:
320,192,140940,1,0,0:0:0:0:
448,192,141008,128,0,141210:0:0:0:0:
320,192,141109,128,0,141210:0:0:0:0:
64,192,141210,128,0,141413:0:0:0:0:
192,192,141210,128,0,141413:0:0:0:0:
320,192,141413,128,0,141616:0:0:0:0:
448,192,141413,1,0,0:0:0:0:
448,192,141616,128,0,141717:0:0:0:0:
192,192,141616,1,0,0:0:0:0:
448,192,141819,128,0,142021:0:0:0:0:
64,192,141819,128,0,142325:0:0:0:0:
320,192,141819,1,0,0:0:0:0:
192,192,141819,1,0,0:0:0:0:
320,192,142021,1,0,0:0:0:0:
448,192,142224,1,0,0:0:0:0:
192,192,142427,128,0,142832:0:0:0:0:
64,192,142427,1,0,0:0:0:0:
320,192,142629,1,0,0:0:0:0:
64,192,142832,1,0,0:0:0:0:
448,192,142832,1,0,0:0:0:0:
448,192,143035,128,0,143237:0:0:0:0:
192,192,143035,1,0,0:0:0:0:
320,192,143237,128,0,143846:0:0:0:0:
64,192,143237,1,0,0:0:0:0:
448,192,143440,1,0,0:0:0:0:
192,192,143440,1,0,0:0:0:0:
64,192,143643,1,0,0:0:0:0:
64,192,143846,1,0,0:0:0:0:
192,192,143846,1,0,0:0:0:0:
448,192,143846,1,0,0:0:0:0:
320,192,144048,1,0,0:0:0:0:
64,192,144251,128,0,144454:0:0:0:0:
192,192,144251,128,0,144454:0:0:0:0:
320,192,144251,1,0,0:0:0:0:
448,192,144454,1,0,0:0:0:0:
192,192,144555,128,0,144758:0:0:0:0:
320,192,144555,128,0,144758:0:0:0:0:
64,192,144656,1,0,0:0:0:0:
320,192,144859,128,0,145062:0:0:0:0:
448,192,144859,128,0,145062:0:0:0:0:
192,192,144859,1,0,0:0:0:0:
64,192,145062,128,0,145265:0:0:0:0:
192,192,145062,1,0,0:0:0:0:
448,192,145265,1,0,0:0:0:0:
192,192,145366,128,0,145569:0:0:0:0:
64,192,145467,1,0,0:0:0:0:
320,192,145467,1,0,0:0:0:0:
448,192,145670,128,0,145873:0:0:0:0:
320,192,145670,1,0,0:0:0:0:
192,192,145873,128,0,146075:0:0:0:0:
64,192,145873,1,0,0:0:0:0:
448,192,146075,1,0,0:0:0:0:
320,192,146177,128,0,146379:0:0:0:0:
64,192,146278,1,0,0:0:0:0:
192,192,146278,1,0,0:0:0:0:
448,192,146481,128,0,146683:0:0:0:0:
320,192,146481,1,0,0:0:0:0:
320,192,146683,128,0,146886:0:0:0:0:
192,192,146683,1,0,0:0:0:0:
64,192,146683,1,0,0:0:0:0:
64,192,146886,1,0,0:0:0:0:
448,192,146987,128,0,147190:0:0:0:0:
320,192,147089,1,0,0:0:0:0:
192,192,147292,128,0,147494:0:0:0:0:
448,192,147292,1,0,0:0:0:0:
64,192,147494,128,0,147900:0:0:0:0:
320,192,147494,1,0,0:0:0:0:
448,192,147494,1,0,0:0:0:0:
192,192,147697,1,0,0:0:0:0:
192,192,147900,1,0,0:0:0:0:
320,192,147900,1,0,0:0:0:0:
448,192,147900,1,0,0:0:0:0:
320,192,148102,1,0,0:0:0:0:
64,192,148102,128,0,148305:0:0:0:0:
192,192,148305,128,0,148508:0:0:0:0:
320,192,148305,128,0,148508:0:0:0:0:
448,192,148508,1,0,0:0:0:0:
64,192,148609,128,0,148812:0:0:0:0:
320,192,148609,128,0,148812:0:0:0:0:
192,192,148710,1,0,0:0:0:0:
192,192,148913,128,0,149116:0:0:0:0:
448,192,148913,128,0,149116:0:0:0:0:
64,192,148913,1,0,0:0:0:0:
64,192,149116,128,0,149319:0:0:0:0:
320,192,149116,128,0,149319:0:0:0:0:
448,192,149319,1,0,0:0:0:0:
192,192,149420,128,0,149623:0:0:0:0:
320,192,149420,128,0,149623:0:0:0:0:
64,192,149521,1,0,0:0:0:0:
192,192,149724,128,0,149927:0:0:0:0:
448,192,149724,128,0,149927:0:0:0:0:
320,192,149724,1,0,0:0:0:0:
320,192,149927,128,0,150129:0:0:0:0:
64,192,149927,128,0,150028:0:0:0:0:
448,192,150129,1,0,0:0:0:0:
192,192,150332,1,0,0:0:0:0:
64,192,150332,1,0,0:0:0:0:
448,192,150332,1,0,0:0:0:0:
320,192,150535,128,0,150737:0:0:0:0:
192,192,150535,1,0,0:0:0:0:
64,192,150737,128,0,150940:0:0:0:0:
448,192,150737,1,0,0:0:0:0:
320,192,150940,1,0,0:0:0:0:
192,192,151042,128,0,151244:0:0:0:0:
448,192,151143,1,0,0:0:0:0:
64,192,151143,1,0,0:0:0:0:
448,192,151346,128,0,151447:0:0:0:0:
192,192,151346,1,0,0:0:0:0:
320,192,151548,1,0,0:0:0:0:
448,192,151548,128,0,151751:0:0:0:0:
64,192,151548,128,0,151751:0:0:0:0:
192,192,151650,1,0,0:0:0:0:
320,192,151751,128,0,151954:0:0:0:0:
192,192,151852,128,0,151954:0:0:0:0:
448,192,151954,1,0,0:0:0:0:
64,192,151954,128,0,152055:0:0:0:0:
320,192,152055,1,0,0:0:0:0:
192,192,152156,1,0,0:0:0:0:
448,192,152156,128,0,152359:0:0:0:0:
64,192,152156,128,0,152359:0:0:0:0:
320,192,152258,1,0,0:0:0:0:
192,192,152359,128,0,152562:0:0:0:0:
320,192,152460,128,0,152562:0:0:0:0:
64,192,152562,1,0,0:0:0:0:
448,192,152562,128,0,152663:0:0:0:0:
192,192,152663,1,0,0:0:0:0:
320,192,152765,1,0,0:0:0:0:
64,192,152765,128,0,152967:0:0:0:0:
448,192,152765,128,0,152967:0:0:0:0:
192,192,152866,1,0,0:0:0:0:
320,192,152967,128,0,153170:0:0:0:0:
192,192,153069,128,0,153170:0:0:0:0:
448,192,153170,1,0,0:0:0:0:
64,192,153170,128,0,153271:0:0:0:0:
320,192,153271,1,0,0:0:0:0:
192,192,153373,1,0,0:0:0:0:
64,192,153373,128,0,153575:0:0:0:0:
448,192,153373,128,0,153575:0:0:0:0:
320,192,153474,1,0,0:0:0:0:
192,192,153575,128,0,153778:0:0:0:0:
320,192,153677,128,0,153778:0:0:0:0:
64,192,153778,1,0,0:0:0:0:
448,192,153778,128,0,153879:0:0:0:0:
192,192,153879,1,0,0:0:0:0:
448,192,153981,1,0,0:0:0:0:
192,192,153981,1,0,0:0:0:0:
64,192,153981,128,0,154183:0:0:0:0:
320,192,153981,128,0,154183:0:0:0:0:
448,192,154183,128,0,154386:0:0:0:0:
192,192,154183,128,0,154386:0:0:0:0:
64,192,154386,1,0,0:0:0:0:
320,192,154386,128,0,155400:0:0:0:0:
192,192,154589,1,0,0:0:0:0:
448,192,154792,128,0,154893:0:0:0:0:
192,192,154792,128,0,154893:0:0:0:0:
64,192,154792,128,0,154893:0:0:0:0:
64,192,154994,1,0,0:0:0:0:
192,192,155197,1,0,0:0:0:0:
192,192,155400,128,0,155602:0:0:0:0:
320,192,155602,1,0,0:0:0:0:
448,192,155602,1,0,0:0:0:0:
64,192,155602,1,0,0:0:0:0:
320,192,155805,1,0,0:0:0:0:
64,192,156008,1,0,0:0:0:0:
448,192,156008,1,0,0:0:0:0:
64,192,156210,128,0,156413:0:0:0:0:
192,192,156210,128,0,156312:0:0:0:0:
192,192,156413,1,0,0:0:0:0:
448,192,156413,128,0,156616:0:0:0:0:
320,192,156413,128,0,156515:0:0:0:0:
320,192,156616,128,0,157021:0:0:0:0:
192,192,156616,128,0,156717:0:0:0:0:
448,192,156819,1,0,0:0:0:0:
64,192,156819,1,0,0:0:0:0:
448,192,157021,1,0,0:0:0:0:
192,192,157021,1,0,0:0:0:0:
64,192,157021,1,0,0:0:0:0:
192,192,157224,1,0,0:0:0:0:
64,192,157224,128,0,157427:0:0:0:0:
448,192,157427,1,0,0:0:0:0:
192,192,157528,128,0,157731:0:0:0:0:
64,192,157629,1,0,0:0:0:0:
320,192,157629,1,0,0:0:0:0:
320,192,157832,1,0,0:0:0:0:
448,192,157832,128,0,158035:0:0:0:0:
192,192,158035,128,0,158237:0:0:0:0:
64,192,158035,1,0,0:0:0:0:
448,192,158237,1,0,0:0:0:0:
320,192,158339,128,0,158542:0:0:0:0:
64,192,158440,1,0,0:0:0:0:
192,192,158440,1,0,0:0:0:0:
320,192,158643,1,0,0:0:0:0:
448,192,158643,128,0,158846:0:0:0:0:
320,192,158846,128,0,159048:0:0:0:0:
64,192,158846,1,0,0:0:0:0:
192,192,158846,1,0,0:0:0:0:
64,192,159048,1,0,0:0:0:0:
448,192,159150,128,0,159352:0:0:0:0:
320,192,159251,1,0,0:0:0:0:
448,192,159454,1,0,0:0:0:0:
192,192,159454,128,0,159656:0:0:0:0:
320,192,159656,1,0,0:0:0:0:
448,192,159656,1,0,0:0:0:0:
64,192,159656,128,0,159859:0:0:0:0:
192,192,159859,1,0,0:0:0:0:
320,192,159960,128,0,160163:0:0:0:0:
448,192,160062,1,0,0:0:0:0:
64,192,160062,1,0,0:0:0:0:
192,192,160265,128,0,160467:0:0:0:0:
320,192,160265,1,0,0:0:0:0:
448,192,160467,128,0,160873:0:0:0:0:
64,192,160467,1,0,0:0:0:0:
320,192,160670,1,0,0:0:0:0:
320,192,160873,1,0,0:0:0:0:
192,192,160873,1,0,0:0:0:0:
64,192,160873,1,0,0:0:0:0:
192,192,161075,1,0,0:0:0:0:
320,192,161278,128,0,161481:0:0:0:0:
448,192,161278,128,0,161481:0:0:0:0:
192,192,161278,1,0,0:0:0:0:
64,192,161278,1,0,0:0:0:0:
64,192,161481,1,0,0:0:0:0:
192,192,161582,128,0,161785:0:0:0:0:
320,192,161582,128,0,161785:0:0:0:0:
448,192,161683,1,0,0:0:0:0:
64,192,161886,128,0,162089:0:0:0:0:
192,192,161886,128,0,162089:0:0:0:0:
320,192,161886,1,0,0:0:0:0:
320,192,162089,128,0,162292:0:0:0:0:
448,192,162089,128,0,162292:0:0:0:0:
192,192,162292,1,0,0:0:0:0:
64,192,162393,128,0,162596:0:0:0:0:
320,192,162393,128,0,162596:0:0:0:0:
448,192,162494,1,0,0:0:0:0:
192,192,162494,1,0,0:0:0:0:
192,192,162697,128,0,162900:0:0:0:0:
448,192,162697,128,0,162900:0:0:0:0:
320,192,162697,1,0,0:0:0:0:
64,192,162900,1,0,0:0:0:0:
320,192,162900,128,0,163305:0:0:0:0:
192,192,163102,1,0,0:0:0:0:
448,192,163305,1,0,0:0:0:0:
64,192,163305,1,0,0:0:0:0:
192,192,163508,1,0,0:0:0:0:
320,192,163508,128,0,163710:0:0:0:0:
448,192,163710,128,0,163913:0:0:0:0:
64,192,163710,1,0,0:0:0:0:
192,192,163812,1,0,0:0:0:0:
320,192,163913,1,0,0:0:0:0:
64,192,164015,128,0,164217:0:0:0:0:
192,192,164015,1,0,0:0:0:0:
448,192,164116,1,0,0:0:0:0:
192,192,164217,1,0,0:0:0:0:
64,192,164319,1,0,0:0:0:0:
448,192,164319,128,0,164521:0:0:0:0:
192,192,164420,1,0,0:0:0:0:
64,192,164521,128,0,164724:0:0:0:0:
320,192,164521,1,0,0:0:0:0:
192,192,164623,128,0,164724:0:0:0:0:
320,192,164724,128,0,164927:0:0:0:0:
448,192,164825,128,0,164927:0:0:0:0:
64,192,164927,128,0,165129:0:0:0:0:
192,192,164927,128,0,165028:0:0:0:0:
320,192,165028,1,0,0:0:0:0:
448,192,165129,128,0,165332:0:0:0:0:
192,192,165129,1,0,0:0:0:0:
320,192,165231,128,0,165332:0:0:0:0:
192,192,165332,128,0,165535:0:0:0:0:
64,192,165433,128,0,165535:0:0:0:0:
448,192,165535,128,0,165737:0:0:0:0:
320,192,165535,128,0,165636:0:0:0:0:
192,192,165636,1,0,0:0:0:0:
64,192,165737,128,0,165940:0:0:0:0:
320,192,165737,1,0,0:0:0:0:
192,192,165839,128,0,165940:0:0:0:0:
320,192,165940,128,0,166143:0:0:0:0:
448,192,166042,128,0,166143:0:0:0:0:
64,192,166143,128,0,166346:0:0:0:0:
192,192,166143,128,0,166244:0:0:0:0:
320,192,166244,1,0,0:0:0:0:
448,192,166346,128,0,166548:0:0:0:0:
192,192,166346,1,0,0:0:0:0:
320,192,166447,128,0,166548:0:0:0:0:
192,192,166548,128,0,166751:0:0:0:0:
64,192,166650,128,0,166751:0:0:0:0:
320,192,166751,128,0,166852:0:0:0:0:
448,192,166751,128,0,166954:0:0:0:0:
192,192,166852,1,0,0:0:0:0:
64,192,166954,128,0,167156:0:0:0:0:
320,192,166954,1,0,0:0:0:0:
192,192,167055,128,0,167156:0:0:0:0:
320,192,167156,128,0,167359:0:0:0:0:
448,192,167258,128,0,167359:0:0:0:0:
192,192,167359,128,0,167460:0:0:0:0:
64,192,167359,128,0,167562:0:0:0:0:
320,192,167460,1,0,0:0:0:0:
448,192,167562,128,0,167765:0:0:0:0:
192,192,167562,1,0,0:0:0:0:
320,192,167663,128,0,167765:0:0:0:0:
192,192,167765,128,0,167967:0:0:0:0:
64,192,167866,128,0,167967:0:0:0:0:
320,192,167967,128,0,168069:0:0:0:0:
448,192,167967,128,0,168170:0:0:0:0:
192,192,168069,1,0,0:0:0:0:
320,192,168170,1,0,0:0:0:0:
64,192,168170,128,0,168373:0:0:0:0:
192,192,168271,128,0,168373:0:0:0:0:
320,192,168373,128,0,168575:0:0:0:0:
448,192,168474,128,0,168575:0:0:0:0:
64,192,168575,128,0,168778:0:0:0:0:
192,192,168575,128,0,168677:0:0:0:0:
320,192,168677,1,0,0:0:0:0:
448,192,168778,128,0,168981:0:0:0:0:
192,192,168778,1,0,0:0:0:0:
320,192,168879,128,0,168981:0:0:0:0:
192,192,168981,128,0,169183:0:0:0:0:
64,192,169082,128,0,169183:0:0:0:0:
320,192,169183,128,0,169285:0:0:0:0:
448,192,169183,128,0,169386:0:0:0:0:
192,192,169285,1,0,0:0:0:0:
320,192,169386,1,0,0:0:0:0:
64,192,169386,128,0,169589:0:0:0:0:
192,192,169487,128,0,169589:0:0:0:0:
320,192,169589,128,0,169792:0:0:0:0:
448,192,169690,128,0,169792:0:0:0:0:
64,192,169792,128,0,169994:0:0:0:0:
192,192,169792,128,0,169893:0:0:0:0:
320,192,169893,1,0,0:0:0:0:
192,192,169994,1,0,0:0:0:0:
448,192,169994,128,0,170197:0:0:0:0:
320,192,170096,128,0,170197:0:0:0:0:
192,192,170197,128,0,170400:0:0:0:0:
64,192,170298,128,0,170400:0:0:0:0:
320,192,170400,128,0,170501:0:0:0:0:
448,192,170400,128,0,170602:0:0:0:0:
192,192,170501,1,0,0:0:0:0:
320,192,170602,1,0,0:0:0:0:
64,192,170602,128,0,170805:0:0:0:0:
192,192,170704,128,0,170805:0:0:0:0:
320,192,170805,128,0,171008:0:0:0:0:
448,192,170906,128,0,171008:0:0:0:0:
192,192,171008,128,0,171109:0:0:0:0:
64,192,171008,128,0,171210:0:0:0:0:
320,192,171109,1,0,0:0:0:0:
192,192,171210,1,0,0:0:0:0:
448,192,171210,128,0,171413:0:0:0:0:
320,192,171312,128,0,171413:0:0:0:0:
192,192,171413,128,0,171616:0:0:0:0:
64,192,171515,128,0,171616:0:0:0:0:
320,192,171616,128,0,171717:0:0:0:0:
448,192,171616,128,0,171819:0:0:0:0:
192,192,171717,1,0,0:0:0:0:
64,192,171819,128,0,172021:0:0:0:0:
320,192,171819,1,0,0:0:0:0:
192,192,171920,128,0,172021:0:0:0:0:
320,192,172021,128,0,172224:0:0:0:0:
448,192,172123,128,0,172224:0:0:0:0:
192,192,172224,128,0,172325:0:0:0:0:
64,192,172224,128,0,172427:0:0:0:0:
320,192,172325,1,0,0:0:0:0:
448,192,172427,128,0,172629:0:0:0:0:
192,192,172427,1,0,0:0:0:0:
320,192,172528,128,0,172629:0:0:0:0:
192,192,172629,128,0,172832:0:0:0:0:
64,192,172731,128,0,172832:0:0:0:0:
320,192,172832,128,0,172933:0:0:0:0:
448,192,172832,128,0,173035:0:0:0:0:
192,192,172933,1,0,0:0:0:0:
64,192,173035,128,0,173237:0:0:0:0:
320,192,173035,1,0,0:0:0:0:
192,192,173136,128,0,173237:0:0:0:0:
320,192,173237,128,0,173440:0:0:0:0:
448,192,173339,128,0,173440:0:0:0:0:
192,192,173440,128,0,173542:0:0:0:0:
64,192,173440,128,0,173643:0:0:0:0:
320,192,173542,1,0,0:0:0:0:
192,192,173643,1,0,0:0:0:0:
448,192,173643,128,0,173846:0:0:0:0:
320,192,173744,128,0,173846:0:0:0:0:
192,192,173846,128,0,174048:0:0:0:0:
64,192,173947,128,0,174048:0:0:0:0:
320,192,174048,128,0,174150:0:0:0:0:
448,192,174048,128,0,174251:0:0:0:0:
192,192,174150,1,0,0:0:0:0:
64,192,174251,128,0,174454:0:0:0:0:
320,192,174251,1,0,0:0:0:0:
192,192,174352,128,0,174454:0:0:0:0:
320,192,174454,128,0,174656:0:0:0:0:
448,192,174555,128,0,174656:0:0:0:0:
192,192,174656,128,0,174758:0:0:0:0:
64,192,174656,128,0,174859:0:0:0:0:
320,192,174758,1,0,0:0:0:0:
192,192,174859,1,0,0:0:0:0:
448,192,174859,128,0,175062:0:0:0:0:
320,192,174960,128,0,175062:0:0:0:0:
192,192,175062,128,0,175265:0:0:0:0:
64,192,175163,128,0,175265:0:0:0:0:
320,192,175265,128,0,175366:0:0:0:0:
448,192,175265,128,0,175467:0:0:0:0:
192,192,175366,1,0,0:0:0:0:
320,192,175467,1,0,0:0:0:0:
64,192,175467,128,0,175670:0:0:0:0:
192,192,175569,128,0,175670:0:0:0:0:
320,192,175670,128,0,175873:0:0:0:0:
448,192,175771,128,0,175873:0:0:0:0:
64,192,175873,128,0,176075:0:0:0:0:
192,192,175873,128,0,175974:0:0:0:0:
320,192,175974,1,0,0:0:0:0:
448,192,176075,128,0,176278:0:0:0:0:
192,192,176075,1,0,0:0:0:0:
320,192,176177,128,0,176278:0:0:0:0:
192,192,176278,128,0,176481:0:0:0:0:
64,192,176379,128,0,176481:0:0:0:0:
320,192,176481,128,0,176582:0:0:0:0:
448,192,176481,128,0,176683:0:0:0:0:
192,192,176582,1,0,0:0:0:0:
320,192,176683,1,0,0:0:0:0:
64,192,176683,128,0,176886:0:0:0:0:
192,192,176785,128,0,176886:0:0:0:0:
320,192,176886,128,0,177089:0:0:0:0:
448,192,176987,128,0,177089:0:0:0:0:
192,192,177089,128,0,177292:0:0:0:0:
64,192,177292,1,0,0:0:0:0:
320,192,177393,128,0,177494:0:0:0:0:
192,192,177494,128,0,177596:0:0:0:0:
64,192,177494,128,0,177697:0:0:0:0:
320,192,177596,128,0,177697:0:0:0:0:
448,192,177596,128,0,177798:0:0:0:0:
192,192,177697,1,0,0:0:0:0:
64,192,177798,128,0,177900:0:0:0:0:
192,192,177900,128,0,178102:0:0:0:0:
448,192,177900,1,0,0:0:0:0:
64,192,178001,128,0,178102:0:0:0:0:
448,192,178102,128,0,178305:0:0:0:0:
320,192,178102,128,0,178204:0:0:0:0:
192,192,178204,128,0,178305:0:0:0:0:
64,192,178204,128,0,178406:0:0:0:0:
320,192,178305,1,0,0:0:0:0:
448,192,178406,128,0,178508:0:0:0:0:
320,192,178508,128,0,178710:0:0:0:0:
64,192,178508,1,0,0:0:0:0:
448,192,178609,128,0,178710:0:0:0:0:
192,192,178710,128,0,178812:0:0:0:0:
64,192,178710,128,0,178913:0:0:0:0:
448,192,178812,128,0,179015:0:0:0:0:
320,192,178812,128,0,178913:0:0:0:0:
192,192,178913,1,0,0:0:0:0:
64,192,179015,128,0,179116:0:0:0:0:
192,192,179116,128,0,179319:0:0:0:0:
448,192,179116,1,0,0:0:0:0:
64,192,179217,128,0,179319:0:0:0:0:
448,192,179319,128,0,179521:0:0:0:0:
320,192,179319,128,0,179420:0:0:0:0:
192,192,179420,128,0,179521:0:0:0:0:
64,192,179420,128,0,179623:0:0:0:0:
320,192,179521,1,0,0:0:0:0:
448,192,179623,128,0,179724:0:0:0:0:
320,192,179724,128,0,179927:0:0:0:0:
64,192,179724,1,0,0:0:0:0:
448,192,179825,128,0,179927:0:0:0:0:
64,192,179927,128,0,180129:0:0:0:0:
192,192,179927,128,0,180028:0:0:0:0:
320,192,180028,128,0,180129:0:0:0:0:
448,192,180028,128,0,180231:0:0:0:0:
192,192,180129,1,0,0:0:0:0:
64,192,180231,128,0,180332:0:0:0:0:
448,192,180332,1,0,0:0:0:0:
192,192,180332,128,0,180535:0:0:0:0:
64,192,180433,128,0,180535:0:0:0:0:
320,192,180535,128,0,180636:0:0:0:0:
448,192,180535,128,0,180737:0:0:0:0:
64,192,180636,128,0,180839:0:0:0:0:
192,192,180636,128,0,180737:0:0:0:0:
320,192,180737,1,0,0:0:0:0:
448,192,180839,128,0,180940:0:0:0:0:
64,192,180940,1,0,0:0:0:0:
320,192,180940,128,0,181143:0:0:0:0:
448,192,181042,128,0,181143:0:0:0:0:
192,192,181143,128,0,181244:0:0:0:0:
64,192,181143,128,0,181346:0:0:0:0:
448,192,181244,128,0,181447:0:0:0:0:
320,192,181244,128,0,181346:0:0:0:0:
192,192,181346,1,0,0:0:0:0:
64,192,181447,128,0,181548:0:0:0:0:
192,192,181548,128,0,181751:0:0:0:0:
448,192,181548,1,0,0:0:0:0:
64,192,181650,128,0,181751:0:0:0:0:
448,192,181751,128,0,181954:0:0:0:0:
320,192,181751,128,0,181852:0:0:0:0:
192,192,181852,128,0,181954:0:0:0:0:
64,192,181852,128,0,182055:0:0:0:0:
320,192,181954,1,0,0:0:0:0:
448,192,182055,128,0,182156:0:0:0:0:
320,192,182156,128,0,182359:0:0:0:0:
64,192,182156,1,0,0:0:0:0:
448,192,182258,128,0,182359:0:0:0:0:
64,192,182359,128,0,182562:0:0:0:0:
192,192,182359,128,0,182460:0:0:0:0:
320,192,182460,128,0,182562:0:0:0:0:
448,192,182460,128,0,182663:0:0:0:0:
192,192,182562,1,0,0:0:0:0:
64,192,182663,128,0,182765:0:0:0:0:
448,192,182765,1,0,0:0:0:0:
192,192,182765,128,0,182967:0:0:0:0:
64,192,182866,128,0,182967:0:0:0:0:
320,192,182967,128,0,183069:0:0:0:0:
448,192,182967,128,0,183170:0:0:0:0:
64,192,183069,128,0,183271:0:0:0:0:
192,192,183069,128,0,183170:0:0:0:0:
320,192,183170,1,0,0:0:0:0:
448,192,183271,128,0,183373:0:0:0:0:
64,192,183373,1,0,0:0:0:0:
320,192,183373,128,0,183575:0:0:0:0:
448,192,183474,128,0,183575:0:0:0:0:
192,192,183575,128,0,183677:0:0:0:0:
64,192,183575,128,0,183778:0:0:0:0:
448,192,183677,128,0,183879:0:0:0:0:
320,192,183677,128,0,183778:0:0:0:0:
192,192,183778,1,0,0:0:0:0:
64,192,183879,128,0,183981:0:0:0:0:
192,192,183981,128,0,184183:0:0:0:0:
448,192,183981,128,0,184082:0:0:0:0:
64,192,184082,128,0,184183:0:0:0:0:
448,192,184183,128,0,184386:0:0:0:0:
320,192,184183,128,0,184285:0:0:0:0:
192,192,184285,128,0,184386:0:0:0:0:
64,192,184285,128,0,184487:0:0:0:0:
320,192,184386,1,0,0:0:0:0:
448,192,184487,128,0,184589:0:0:0:0:
320,192,184589,128,0,184792:0:0:0:0:
64,192,184589,128,0,184690:0:0:0:0:
448,192,184690,128,0,184792:0:0:0:0:
64,192,184792,128,0,184994:0:0:0:0:
192,192,184792,128,0,184893:0:0:0:0:
320,192,184893,128,0,184994:0:0:0:0:
448,192,184893,128,0,185096:0:0:0:0:
192,192,184994,1,0,0:0:0:0:
64,192,185096,128,0,185197:0:0:0:0:
192,192,185197,128,0,185400:0:0:0:0:
448,192,185197,128,0,185298:0:0:0:0:
64,192,185298,128,0,185400:0:0:0:0:
320,192,185400,128,0,185501:0:0:0:0:
448,192,185400,128,0,185602:0:0:0:0:
64,192,185501,128,0,185704:0:0:0:0:
192,192,185501,128,0,185602:0:0:0:0:
320,192,185602,128,0,185704:0:0:0:0:
448,192,185704,128,0,185805:0:0:0:0:
320,192,185805,128,0,186008:0:0:0:0:
64,192,185805,128,0,185906:0:0:0:0:
448,192,185906,128,0,186008:0:0:0:0:
192,192,186008,128,0,186109:0:0:0:0:
64,192,186008,128,0,186210:0:0:0:0:
448,192,186109,128,0,186312:0:0:0:0:
320,192,186109,128,0,186210:0:0:0:0:
192,192,186210,128,0,186312:0:0:0:0:
64,192,186312,128,0,186413:0:0:0:0:
192,192,186413,128,0,186616:0:0:0:0:
448,192,186413,128,0,186515:0:0:0:0:
64,192,186515,128,0,186616:0:0:0:0:
448,192,186616,128,0,186819:0:0:0:0:
320,192,186616,128,0,186717:0:0:0:0:
192,192,186717,128,0,186819:0:0:0:0:
64,192,186717,128,0,186920:0:0:0:0:
320,192,186819,128,0,186920:0:0:0:0:
448,192,186920,128,0,187021:0:0:0:0:
320,192,187021,128,0,187224:0:0:0:0:
64,192,187021,128,0,187123:0:0:0:0:
448,192,187123,128,0,187224:0:0:0:0:
64,192,187224,128,0,187427:0:0:0:0:
192,192,187224,128,0,187325:0:0:0:0:
320,192,187325,128,0,187427:0:0:0:0:
448,192,187325,128,0,187528:0:0:0:0:
192,192,187427,128,0,187528:0:0:0:0:
64,192,187528,128,0,187629:0:0:0:0:
320,192,187528,128,0,187629:0:0:0:0:
192,192,187629,128,0,187832:0:0:0:0:
448,192,187629,128,0,187731:0:0:0:0:
64,192,187731,128,0,187832:0:0:0:0:
320,192,187832,128,0,187933:0:0:0:0:
448,192,187832,128,0,188035:0:0:0:0:
64,192,187933,128,0,188136:0:0:0:0:
192,192,187933,128,0,188035:0:0:0:0:
320,192,188035,128,0,188136:0:0:0:0:
448,192,188136,128,0,188237:0:0:0:0:
192,192,188136,128,0,188237:0:0:0:0:
320,192,188237,128,0,188440:0:0:0:0:
64,192,188237,128,0,188339:0:0:0:0:
448,192,188339,128,0,188440:0:0:0:0:
192,192,188440,128,0,188542:0:0:0:0:
64,192,188440,128,0,188643:0:0:0:0:
320,192,188542,128,0,188643:0:0:0:0:
448,192,188643,128,0,188846:0:0:0:0:
192,192,188643,128,0,188744:0:0:0:0:
64,192,188744,128,0,188846:0:0:0:0:
320,192,188846,128,0,189859:0:0:0:0:
192,192,188846,1,0,0:0:0:0:
64,192,189048,128,0,189150:0:0:0:0:
192,192,189251,1,0,0:0:0:0:
448,192,189251,1,0,0:0:0:0:
64,192,189251,1,0,0:0:0:0:
192,192,189454,128,0,189555:0:0:0:0:
64,192,189656,1,0,0:0:0:0:
448,192,189656,1,0,0:0:0:0:
192,192,189859,128,0,189960:0:0:0:0:
320,192,190062,1,0,0:0:0:0:
448,192,190062,1,0,0:0:0:0:
64,192,190062,1,0,0:0:0:0:
320,192,190265,128,0,190366:0:0:0:0:
448,192,190467,128,0,190670:0:0:0:0:
64,192,190467,1,0,0:0:0:0:
320,192,190670,128,0,190873:0:0:0:0:
192,192,190771,128,0,190873:0:0:0:0:
64,192,190873,128,0,190974:0:0:0:0:
448,192,190873,1,0,0:0:0:0:
64,192,191075,128,0,191278:0:0:0:0:
192,192,191075,1,0,0:0:0:0:
192,192,191278,128,0,191481:0:0:0:0:
448,192,191278,1,0,0:0:0:0:
320,192,191379,128,0,191481:0:0:0:0:
448,192,191481,128,0,191582:0:0:0:0:
64,192,191481,1,0,0:0:0:0:
448,192,191683,128,0,191886:0:0:0:0:
192,192,191683,1,0,0:0:0:0:
320,192,191886,128,0,192089:0:0:0:0:
64,192,191886,1,0,0:0:0:0:
192,192,191987,128,0,192089:0:0:0:0:
64,192,192089,128,0,192190:0:0:0:0:
64,192,192292,128,0,192494:0:0:0:0:
192,192,192494,128,0,192697:0:0:0:0:
448,192,192494,1,0,0:0:0:0:
320,192,192596,128,0,192697:0:0:0:0:
448,192,192697,128,0,192798:0:0:0:0:
64,192,192900,128,0,193102:0:0:0:0:
320,192,192900,1,0,0:0:0:0:
448,192,193001,128,0,193102:0:0:0:0:
320,192,193102,128,0,194319:0:0:0:0:
192,192,193102,1,0,0:0:0:0:
448,192,193508,1,0,0:0:0:0:
192,192,193913,1,0,0:0:0:0:
64,192,194116,1,0,0:0:0:0:
192,192,194319,128,0,194521:0:0:0:0:
448,192,194319,1,0,0:0:0:0:
64,192,194521,128,0,194927:0:0:0:0:
320,192,194521,1,0,0:0:0:0:
448,192,194521,1,0,0:0:0:0:
448,192,194724,1,0,0:0:0:0:
192,192,195129,128,0,195332:0:0:0:0:
320,192,195129,1,0,0:0:0:0:
320,192,195332,128,0,195535:0:0:0:0:
192,192,195535,128,0,195737:0:0:0:0:
448,192,195535,1,0,0:0:0:0:
64,192,195737,1,0,0:0:0:0:
320,192,195940,1,0,0:0:0:0:
64,192,196143,128,0,196346:0:0:0:0:
192,192,196143,1,0,0:0:0:0:
192,192,196447,128,0,196650:0:0:0:0:
320,192,196751,128,0,196954:0:0:0:0:
448,192,196751,1,0,0:0:0:0:
448,192,196954,128,0,197156:0:0:0:0:
64,192,197156,1,0,0:0:0:0:
192,192,197258,128,0,197460:0:0:0:0:
320,192,197359,1,0,0:0:0:0:
64,192,197562,128,0,197765:0:0:0:0:
192,192,197562,1,0,0:0:0:0:
448,192,197765,128,0,197967:0:0:0:0:
320,192,197765,1,0,0:0:0:0:
64,192,197967,1,0,0:0:0:0:
320,192,198069,128,0,198271:0:0:0:0:
64,192,198373,128,0,198575:0:0:0:0:
192,192,198373,1,0,0:0:0:0:
448,192,198575,128,0,198778:0:0:0:0:
192,192,198778,1,0,0:0:0:0:
320,192,198879,128,0,199082:0:0:0:0:
64,192,198981,1,0,0:0:0:0:
192,192,199183,128,0,199386:0:0:0:0:
320,192,199183,1,0,0:0:0:0:
320,192,199386,128,0,199792:0:0:0:0:
64,192,199386,1,0,0:0:0:0:
192,192,199589,1,0,0:0:0:0:
192,192,199994,128,0,200197:0:0:0:0:
448,192,199994,1,0,0:0:0:0:
64,192,200197,128,0,200400:0:0:0:0:
320,192,200400,1,0,0:0:0:0:
192,192,200501,128,0,200704:0:0:0:0:
64,192,200602,1,0,0:0:0:0:
448,192,200805,128,0,201008:0:0:0:0:
192,192,200805,1,0,0:0:0:0:
64,192,201008,128,0,201210:0:0:0:0:
320,192,201008,1,0,0:0:0:0:
448,192,201210,1,0,0:0:0:0:
320,192,201312,128,0,201515:0:0:0:0:
448,192,201616,128,0,202123:0:0:0:0:
64,192,201616,1,0,0:0:0:0:
320,192,202021,1,0,0:0:0:0:
64,192,202224,1,0,0:0:0:0:
192,192,202427,128,0,202629:0:0:0:0:
320,192,202427,1,0,0:0:0:0:
320,192,202629,128,0,202832:0:0:0:0:
64,192,202629,1,0,0:0:0:0:
448,192,202832,1,0,0:0:0:0:
64,192,202933,128,0,203136:0:0:0:0:
448,192,203237,128,0,203440:0:0:0:0:
320,192,203237,1,0,0:0:0:0:
