osu file format v14

[General]
AudioFilename: audio.ogg
AudioLeadIn: 0
PreviewTime: 41110
Countdown: 0
SampleSet: Soft
StackLeniency: 0.7
Mode: 3
LetterboxInBreaks: 0
SpecialStyle: 0
WidescreenStoryboard: 1

[Editor]
DistanceSpacing: 0.5
BeatDivisor: 4
GridSize: 4
TimelineZoom: 2.999999

[Metadata]
Title:Machine Love
TitleUnicode:Machine Love
Artist:Jamie Paige
ArtistUnicode:Jamie Paige
Creator:Revv-
Version:Easy
Source:
Tags:feat. ft. featuring kasane teto angki reihynn 重音テト electronic english japanese pop jpop j-pop utau vocaloid ボーカロイド ボカロ synthesizer-v synthesizerv synthv synth-v jamiep constant companions song of the eared robot 耳のあるロボットの唄 mimi no aru robotto no uta nwp8861
BeatmapID:5385037
BeatmapSetID:2460785

[Difficulty]
HPDrainRate:6.5
CircleSize:4
OverallDifficulty:6.5
ApproachRate:5
SliderMultiplier:1.4
SliderTickRate:1

[Events]
//Background and Video events
0,0,"carbeat.jpg",0,0
//Break Periods
//Storyboard Layer 0 (Background)
//Storyboard Layer 1 (Fail)
//Storyboard Layer 2 (Pass)
//Storyboard Layer 3 (Foreground)
//Storyboard Layer 4 (Overlay)
//Storyboard Sound Samples

[TimingPoints]
996,342.857142857143,4,2,1,40,1,0
42138,-100,4,2,1,40,0,1
59967,-100,4,2,1,40,0,0
61338,-100,4,2,1,40,0,1
70938,-100,4,2,1,40,0,0
113453,-100,4,2,1,40,0,1
131281,-100,4,2,1,40,0,0
132653,-100,4,2,1,40,0,1
142253,-100,4,2,1,40,0,0
154596,-100,4,2,1,40,0,1
164196,-100,4,2,1,40,0,0
180653,-100,4,2,1,40,0,1
198481,-100,4,2,1,40,0,0
199853,-100,4,2,1,40,0,1
209453,-100,4,2,1,40,0,0


[HitObjects]
448,192,995,5,0,0:0:0:0:
448,192,1510,1,0,0:0:0:0:
192,192,1853,1,0,0:0:0:0:
64,192,2367,1,0,0:0:0:0:
448,192,3738,128,0,5110:0:0:0:0:
192,192,5110,128,0,6481:0:0:0:0:
320,192,6481,128,0,7853:0:0:0:0:
64,192,7853,128,0,9224:0:0:0:0:
448,192,9224,128,0,10596:0:0:0:0:
192,192,10596,128,0,11967:0:0:0:0:
320,192,11967,128,0,13338:0:0:0:0:
64,192,13338,128,0,14024:0:0:0:0:
448,192,14024,128,0,14710:0:0:0:0:
192,192,14710,128,0,16081:0:0:0:0:
320,192,16081,128,0,17453:0:0:0:0:
64,192,17453,128,0,18824:0:0:0:0:
448,192,18824,128,0,19510:0:0:0:0:
192,192,19510,128,0,20196:0:0:0:0:
64,192,20196,128,0,21567:0:0:0:0:
320,192,21567,128,0,22938:0:0:0:0:
192,192,22938,128,0,24310:0:0:0:0:
448,192,24310,128,0,24996:0:0:0:0:
320,192,24996,128,0,25681:0:0:0:0:
64,192,25681,1,0,0:0:0:0:
64,192,26196,1,0,0:0:0:0:
192,192,26538,1,0,0:0:0:0:
448,192,27053,1,0,0:0:0:0:
320,192,27738,128,0,28424:0:0:0:0:
192,192,28424,128,0,29796:0:0:0:0:
448,192,29796,128,0,31167:0:0:0:0:
64,192,31167,128,0,32538:0:0:0:0:
192,192,32538,128,0,33224:0:0:0:0:
320,192,33224,128,0,33910:0:0:0:0:
448,192,33910,128,0,36653:0:0:0:0:
64,192,36653,1,0,0:0:0:0:
64,192,36996,1,0,0:0:0:0:
448,192,37338,1,0,0:0:0:0:
448,192,37681,1,0,0:0:0:0:
192,192,38024,1,0,0:0:0:0:
192,192,38367,1,0,0:0:0:0:
320,192,38710,1,0,0:0:0:0:
320,192,39053,1,0,0:0:0:0:
448,192,39396,1,0,0:0:0:0:
448,192,39738,1,0,0:0:0:0:
64,192,40081,1,0,0:0:0:0:
64,192,40424,1,0,0:0:0:0:
320,192,40767,128,0,41110:0:0:0:0:
192,192,42138,1,0,0:0:0:0:
320,192,42310,1,0,0:0:0:0:
64,192,42481,128,0,42824:0:0:0:0:
192,192,42824,1,0,0:0:0:0:
320,192,43167,1,0,0:0:0:0:
448,192,43510,1,0,0:0:0:0:
320,192,43681,1,0,0:0:0:0:
192,192,43853,128,0,44196:0:0:0:0:
448,192,44196,1,0,0:0:0:0:
192,192,44538,1,0,0:0:0:0:
64,192,44881,1,0,0:0:0:0:
192,192,45053,1,0,0:0:0:0:
320,192,45224,128,0,45567:0:0:0:0:
64,192,45567,1,0,0:0:0:0:
64,192,45910,1,0,0:0:0:0:
192,192,46253,1,0,0:0:0:0:
192,192,46596,1,0,0:0:0:0:
448,192,46938,1,0,0:0:0:0:
320,192,47281,1,0,0:0:0:0:
192,192,47624,128,0,47967:0:0:0:0:
448,192,47967,1,0,0:0:0:0:
64,192,48310,1,0,0:0:0:0:
320,192,48653,1,0,0:0:0:0:
192,192,48996,1,0,0:0:0:0:
448,192,49338,1,0,0:0:0:0:
192,192,49681,1,0,0:0:0:0:
64,192,50024,1,0,0:0:0:0:
448,192,50367,1,0,0:0:0:0:
448,192,50710,1,0,0:0:0:0:
64,192,51053,1,0,0:0:0:0:
64,192,51396,1,0,0:0:0:0:
320,192,51738,1,0,0:0:0:0:
192,192,51996,1,0,0:0:0:0:
320,192,52253,1,0,0:0:0:0:
192,192,52681,1,0,0:0:0:0:
448,192,52938,1,0,0:0:0:0:
64,192,53110,1,0,0:0:0:0:
192,192,53281,1,0,0:0:0:0:
320,192,53453,128,0,53796:0:0:0:0:
64,192,53796,1,0,0:0:0:0:
192,192,54138,1,0,0:0:0:0:
448,192,54481,1,0,0:0:0:0:
320,192,54653,1,0,0:0:0:0:
192,192,54824,128,0,55167:0:0:0:0:
448,192,55167,1,0,0:0:0:0:
64,192,55510,1,0,0:0:0:0:
320,192,55853,1,0,0:0:0:0:
192,192,56024,1,0,0:0:0:0:
448,192,56196,128,0,56538:0:0:0:0:
64,192,56538,1,0,0:0:0:0:
64,192,56881,1,0,0:0:0:0:
320,192,57224,1,0,0:0:0:0:
320,192,57567,1,0,0:0:0:0:
192,192,57910,1,0,0:0:0:0:
192,192,58253,1,0,0:0:0:0:
320,192,58596,128,0,58938:0:0:0:0:
64,192,58938,1,0,0:0:0:0:
192,192,59281,1,0,0:0:0:0:
320,192,59624,1,0,0:0:0:0:
448,192,59967,128,0,60310:0:0:0:0:
192,192,60653,128,0,61338:0:0:0:0:
320,192,60653,1,0,0:0:0:0:
448,192,61338,1,0,0:0:0:0:
64,192,61681,1,0,0:0:0:0:
320,192,62024,1,0,0:0:0:0:
64,192,62367,1,0,0:0:0:0:
448,192,62710,1,0,0:0:0:0:
192,192,63053,1,0,0:0:0:0:
320,192,63396,1,0,0:0:0:0:
64,192,63738,1,0,0:0:0:0:
448,192,64081,1,0,0:0:0:0:
192,192,64424,1,0,0:0:0:0:
320,192,64767,1,0,0:0:0:0:
64,192,65110,1,0,0:0:0:0:
320,192,65453,1,0,0:0:0:0:
192,192,65796,1,0,0:0:0:0:
448,192,66138,1,0,0:0:0:0:
64,192,66481,1,0,0:0:0:0:
320,192,66824,128,0,67167:0:0:0:0:
192,192,67167,1,0,0:0:0:0:
192,192,67510,128,0,67853:0:0:0:0:
64,192,67853,1,0,0:0:0:0:
64,192,68196,128,0,68538:0:0:0:0:
448,192,68538,1,0,0:0:0:0:
320,192,68710,1,0,0:0:0:0:
192,192,68881,128,0,69224:0:0:0:0:
448,192,69224,128,0,69567:0:0:0:0:
192,192,69567,1,0,0:0:0:0:
64,192,69910,1,0,0:0:0:0:
448,192,70253,1,0,0:0:0:0:
320,192,70596,128,0,70938:0:0:0:0:
192,192,70938,1,0,0:0:0:0:
448,192,71624,1,0,0:0:0:0:
64,192,72310,1,0,0:0:0:0:
64,192,72653,1,0,0:0:0:0:
448,192,72996,1,0,0:0:0:0:
192,192,73167,1,0,0:0:0:0:
448,192,73338,1,0,0:0:0:0:
64,192,73681,1,0,0:0:0:0:
320,192,74024,1,0,0:0:0:0:
192,192,74196,1,0,0:0:0:0:
192,192,74538,1,0,0:0:0:0:
320,192,74710,1,0,0:0:0:0:
448,192,75053,1,0,0:0:0:0:
448,192,75396,1,0,0:0:0:0:
192,192,75738,1,0,0:0:0:0:
320,192,75910,1,0,0:0:0:0:
192,192,76081,1,0,0:0:0:0:
448,192,76424,1,0,0:0:0:0:
192,192,76596,1,0,0:0:0:0:
448,192,76767,1,0,0:0:0:0:
320,192,76938,1,0,0:0:0:0:
64,192,77281,1,0,0:0:0:0:
192,192,77453,1,0,0:0:0:0:
448,192,77796,1,0,0:0:0:0:
448,192,78138,1,0,0:0:0:0:
64,192,78481,1,0,0:0:0:0:
320,192,78653,1,0,0:0:0:0:
64,192,78824,1,0,0:0:0:0:
320,192,79167,1,0,0:0:0:0:
448,192,79510,1,0,0:0:0:0:
192,192,79681,1,0,0:0:0:0:
192,192,80024,1,0,0:0:0:0:
448,192,80196,1,0,0:0:0:0:
64,192,80538,1,0,0:0:0:0:
64,192,80881,1,0,0:0:0:0:
320,192,81224,1,0,0:0:0:0:
192,192,81396,1,0,0:0:0:0:
448,192,81567,1,0,0:0:0:0:
64,192,81910,1,0,0:0:0:0:
320,192,82081,1,0,0:0:0:0:
64,192,82253,1,0,0:0:0:0:
192,192,82424,1,0,0:0:0:0:
448,192,82767,1,0,0:0:0:0:
192,192,82938,1,0,0:0:0:0:
320,192,83281,1,0,0:0:0:0:
320,192,83624,1,0,0:0:0:0:
64,192,83967,1,0,0:0:0:0:
448,192,84138,1,0,0:0:0:0:
64,192,84310,1,0,0:0:0:0:
320,192,84653,1,0,0:0:0:0:
192,192,84996,1,0,0:0:0:0:
448,192,85167,1,0,0:0:0:0:
448,192,85510,1,0,0:0:0:0:
192,192,85681,1,0,0:0:0:0:
320,192,86024,1,0,0:0:0:0:
320,192,86367,1,0,0:0:0:0:
64,192,86710,1,0,0:0:0:0:
448,192,86881,1,0,0:0:0:0:
64,192,87053,1,0,0:0:0:0:
320,192,87396,1,0,0:0:0:0:
64,192,87738,1,0,0:0:0:0:
320,192,87910,1,0,0:0:0:0:
448,192,88253,1,0,0:0:0:0:
192,192,88424,1,0,0:0:0:0:
320,192,88767,1,0,0:0:0:0:
320,192,89110,1,0,0:0:0:0:
64,192,89453,1,0,0:0:0:0:
448,192,89624,1,0,0:0:0:0:
64,192,89796,1,0,0:0:0:0:
320,192,90138,1,0,0:0:0:0:
192,192,90481,1,0,0:0:0:0:
448,192,90653,1,0,0:0:0:0:
320,192,90996,1,0,0:0:0:0:
64,192,91167,1,0,0:0:0:0:
448,192,91510,1,0,0:0:0:0:
448,192,91853,1,0,0:0:0:0:
64,192,92196,1,0,0:0:0:0:
320,192,92367,1,0,0:0:0:0:
64,192,92538,1,0,0:0:0:0:
448,192,92881,1,0,0:0:0:0:
192,192,93224,1,0,0:0:0:0:
320,192,93396,1,0,0:0:0:0:
448,192,93738,1,0,0:0:0:0:
192,192,93910,1,0,0:0:0:0:
320,192,94253,1,0,0:0:0:0:
320,192,94767,1,0,0:0:0:0:
192,192,95110,1,0,0:0:0:0:
64,192,95624,1,0,0:0:0:0:
448,192,96138,1,0,0:0:0:0:
192,192,96310,1,0,0:0:0:0:
320,192,96653,1,0,0:0:0:0:
192,192,96824,1,0,0:0:0:0:
64,192,96996,1,0,0:0:0:0:
64,192,97510,1,0,0:0:0:0:
448,192,97853,1,0,0:0:0:0:
320,192,98367,1,0,0:0:0:0:
64,192,99053,128,0,99738:0:0:0:0:
320,192,99738,128,0,101110:0:0:0:0:
192,192,101110,128,0,102481:0:0:0:0:
448,192,102481,128,0,103853:0:0:0:0:
192,192,103853,128,0,104538:0:0:0:0:
320,192,104538,128,0,105224:0:0:0:0:
64,192,105224,128,0,107967:0:0:0:0:
448,192,107967,1,0,0:0:0:0:
448,192,108310,1,0,0:0:0:0:
320,192,108653,1,0,0:0:0:0:
320,192,108996,1,0,0:0:0:0:
192,192,109338,1,0,0:0:0:0:
192,192,109681,1,0,0:0:0:0:
64,192,110024,1,0,0:0:0:0:
64,192,110367,1,0,0:0:0:0:
320,192,110710,1,0,0:0:0:0:
320,192,111053,1,0,0:0:0:0:
192,192,111396,1,0,0:0:0:0:
192,192,111738,1,0,0:0:0:0:
320,192,111910,1,0,0:0:0:0:
64,192,112081,1,0,0:0:0:0:
320,192,113453,1,0,0:0:0:0:
192,192,113624,1,0,0:0:0:0:
448,192,113796,128,0,114138:0:0:0:0:
320,192,114138,1,0,0:0:0:0:
192,192,114481,1,0,0:0:0:0:
64,192,114824,1,0,0:0:0:0:
192,192,114996,1,0,0:0:0:0:
320,192,115167,128,0,115510:0:0:0:0:
64,192,115510,1,0,0:0:0:0:
448,192,115853,1,0,0:0:0:0:
320,192,116196,1,0,0:0:0:0:
64,192,116367,1,0,0:0:0:0:
192,192,116538,128,0,116881:0:0:0:0:
448,192,116881,1,0,0:0:0:0:
448,192,117224,1,0,0:0:0:0:
320,192,117567,1,0,0:0:0:0:
320,192,117910,1,0,0:0:0:0:
64,192,118253,1,0,0:0:0:0:
192,192,118596,1,0,0:0:0:0:
320,192,118938,128,0,119281:0:0:0:0:
64,192,119281,1,0,0:0:0:0:
448,192,119624,1,0,0:0:0:0:
192,192,119967,1,0,0:0:0:0:
320,192,120310,1,0,0:0:0:0:
64,192,120653,1,0,0:0:0:0:
320,192,120996,1,0,0:0:0:0:
448,192,121338,1,0,0:0:0:0:
64,192,121681,1,0,0:0:0:0:
64,192,122024,1,0,0:0:0:0:
448,192,122367,1,0,0:0:0:0:
448,192,122710,1,0,0:0:0:0:
192,192,123053,1,0,0:0:0:0:
320,192,123310,1,0,0:0:0:0:
192,192,123567,1,0,0:0:0:0:
320,192,123996,1,0,0:0:0:0:
64,192,124253,1,0,0:0:0:0:
448,192,124424,1,0,0:0:0:0:
320,192,124596,1,0,0:0:0:0:
192,192,124767,128,0,125110:0:0:0:0:
448,192,125110,1,0,0:0:0:0:
320,192,125453,1,0,0:0:0:0:
64,192,125796,1,0,0:0:0:0:
192,192,125967,1,0,0:0:0:0:
320,192,126138,128,0,126481:0:0:0:0:
64,192,126481,1,0,0:0:0:0:
448,192,126824,1,0,0:0:0:0:
192,192,127167,1,0,0:0:0:0:
320,192,127338,1,0,0:0:0:0:
64,192,127510,128,0,127853:0:0:0:0:
448,192,127853,1,0,0:0:0:0:
448,192,128196,1,0,0:0:0:0:
64,192,128538,1,0,0:0:0:0:
64,192,128881,1,0,0:0:0:0:
320,192,129224,1,0,0:0:0:0:
320,192,129567,1,0,0:0:0:0:
192,192,129910,128,0,130253:0:0:0:0:
448,192,130253,1,0,0:0:0:0:
320,192,130596,1,0,0:0:0:0:
192,192,130938,1,0,0:0:0:0:
64,192,131281,128,0,131624:0:0:0:0:
320,192,131967,128,0,132653:0:0:0:0:
192,192,131967,1,0,0:0:0:0:
64,192,132653,1,0,0:0:0:0:
448,192,132996,1,0,0:0:0:0:
192,192,133338,1,0,0:0:0:0:
448,192,133681,1,0,0:0:0:0:
64,192,134024,1,0,0:0:0:0:
320,192,134367,1,0,0:0:0:0:
192,192,134710,1,0,0:0:0:0:
448,192,135053,1,0,0:0:0:0:
64,192,135396,1,0,0:0:0:0:
320,192,135738,1,0,0:0:0:0:
64,192,136081,1,0,0:0:0:0:
448,192,136424,1,0,0:0:0:0:
192,192,136767,1,0,0:0:0:0:
448,192,137110,1,0,0:0:0:0:
64,192,137453,1,0,0:0:0:0:
320,192,137796,1,0,0:0:0:0:
64,192,138138,128,0,138481:0:0:0:0:
192,192,138481,1,0,0:0:0:0:
192,192,138824,128,0,139167:0:0:0:0:
320,192,139167,1,0,0:0:0:0:
320,192,139510,128,0,139853:0:0:0:0:
448,192,139853,1,0,0:0:0:0:
192,192,140024,1,0,0:0:0:0:
320,192,140196,128,0,140538:0:0:0:0:
64,192,140538,128,0,140881:0:0:0:0:
320,192,140881,1,0,0:0:0:0:
448,192,141224,1,0,0:0:0:0:
64,192,141567,1,0,0:0:0:0:
192,192,141910,128,0,142253:0:0:0:0:
320,192,142253,1,0,0:0:0:0:
448,192,143624,1,0,0:0:0:0:
64,192,143967,1,0,0:0:0:0:
448,192,144310,1,0,0:0:0:0:
192,192,144653,1,0,0:0:0:0:
448,192,144996,1,0,0:0:0:0:
64,192,145338,1,0,0:0:0:0:
320,192,145681,1,0,0:0:0:0:
64,192,146024,1,0,0:0:0:0:
448,192,146367,1,0,0:0:0:0:
64,192,146710,1,0,0:0:0:0:
320,192,147053,1,0,0:0:0:0:
192,192,147396,1,0,0:0:0:0:
320,192,147738,1,0,0:0:0:0:
64,192,148081,1,0,0:0:0:0:
448,192,148424,128,0,148767:0:0:0:0:
192,192,148767,1,0,0:0:0:0:
320,192,149110,128,0,149453:0:0:0:0:
64,192,149453,1,0,0:0:0:0:
192,192,149796,128,0,150138:0:0:0:0:
448,192,150138,1,0,0:0:0:0:
320,192,150481,128,0,150824:0:0:0:0:
192,192,150824,1,0,0:0:0:0:
64,192,151167,128,0,151510:0:0:0:0:
448,192,151510,1,0,0:0:0:0:
192,192,151853,128,0,152196:0:0:0:0:
320,192,152196,1,0,0:0:0:0:
64,192,152538,1,0,0:0:0:0:
448,192,152881,1,0,0:0:0:0:
192,192,153053,1,0,0:0:0:0:
320,192,153224,1,0,0:0:0:0:
64,192,153481,1,0,0:0:0:0:
320,192,153738,1,0,0:0:0:0:
192,192,154167,1,0,0:0:0:0:
448,192,154424,1,0,0:0:0:0:
64,192,154596,1,0,0:0:0:0:
320,192,154767,1,0,0:0:0:0:
192,192,154938,1,0,0:0:0:0:
448,192,155281,1,0,0:0:0:0:
192,192,155453,1,0,0:0:0:0:
320,192,155624,1,0,0:0:0:0:
64,192,155967,1,0,0:0:0:0:
320,192,156310,1,0,0:0:0:0:
64,192,156481,1,0,0:0:0:0:
192,192,156824,1,0,0:0:0:0:
448,192,156996,1,0,0:0:0:0:
320,192,157338,1,0,0:0:0:0:
192,192,157510,1,0,0:0:0:0:
64,192,157681,1,0,0:0:0:0:
192,192,158024,1,0,0:0:0:0:
320,192,158196,1,0,0:0:0:0:
448,192,158367,1,0,0:0:0:0:
192,192,158710,1,0,0:0:0:0:
320,192,158881,1,0,0:0:0:0:
64,192,159053,1,0,0:0:0:0:
320,192,159224,1,0,0:0:0:0:
448,192,159567,1,0,0:0:0:0:
320,192,159738,1,0,0:0:0:0:
192,192,160081,1,0,0:0:0:0:
192,192,160424,1,0,0:0:0:0:
320,192,160767,1,0,0:0:0:0:
64,192,160938,1,0,0:0:0:0:
320,192,161110,1,0,0:0:0:0:
448,192,161453,1,0,0:0:0:0:
448,192,161796,1,0,0:0:0:0:
192,192,162138,1,0,0:0:0:0:
320,192,162310,1,0,0:0:0:0:
192,192,162481,1,0,0:0:0:0:
64,192,162653,1,0,0:0:0:0:
320,192,162824,1,0,0:0:0:0:
448,192,162824,1,0,0:0:0:0:
320,192,163167,1,0,0:0:0:0:
448,192,163167,1,0,0:0:0:0:
320,192,163510,1,0,0:0:0:0:
448,192,163510,1,0,0:0:0:0:
320,192,163853,1,0,0:0:0:0:
448,192,163853,1,0,0:0:0:0:
448,192,166938,1,0,0:0:0:0:
64,192,166938,128,0,168310:0:0:0:0:
320,192,168310,1,0,0:0:0:0:
448,192,168310,1,0,0:0:0:0:
320,192,169681,128,0,171053:0:0:0:0:
192,192,171053,128,0,172424:0:0:0:0:
64,192,172424,128,0,173796:0:0:0:0:
448,192,173796,128,0,174481:0:0:0:0:
192,192,174481,128,0,175167:0:0:0:0:
320,192,175167,128,0,175853:0:0:0:0:
64,192,175853,128,0,176538:0:0:0:0:
448,192,176538,128,0,177224:0:0:0:0:
192,192,177224,1,0,0:0:0:0:
448,192,177910,1,0,0:0:0:0:
448,192,178253,1,0,0:0:0:0:
64,192,178596,1,0,0:0:0:0:
64,192,178938,1,0,0:0:0:0:
448,192,179110,1,0,0:0:0:0:
320,192,179281,1,0,0:0:0:0:
192,192,179538,1,0,0:0:0:0:
320,192,179796,1,0,0:0:0:0:
192,192,179967,1,0,0:0:0:0:
64,192,180653,1,0,0:0:0:0:
320,192,180824,1,0,0:0:0:0:
448,192,180996,128,0,181338:0:0:0:0:
64,192,181338,1,0,0:0:0:0:
320,192,181681,1,0,0:0:0:0:
64,192,182024,1,0,0:0:0:0:
320,192,182196,1,0,0:0:0:0:
192,192,182367,128,0,182710:0:0:0:0:
448,192,182710,1,0,0:0:0:0:
192,192,183053,1,0,0:0:0:0:
64,192,183396,1,0,0:0:0:0:
192,192,183567,1,0,0:0:0:0:
320,192,183738,128,0,184081:0:0:0:0:
64,192,184081,1,0,0:0:0:0:
64,192,184424,1,0,0:0:0:0:
192,192,184767,1,0,0:0:0:0:
192,192,185110,1,0,0:0:0:0:
448,192,185453,1,0,0:0:0:0:
320,192,185796,1,0,0:0:0:0:
192,192,186138,128,0,186481:0:0:0:0:
448,192,186481,1,0,0:0:0:0:
192,192,186824,1,0,0:0:0:0:
320,192,187167,1,0,0:0:0:0:
64,192,187510,1,0,0:0:0:0:
448,192,187853,1,0,0:0:0:0:
192,192,188196,1,0,0:0:0:0:
64,192,188538,1,0,0:0:0:0:
448,192,188881,1,0,0:0:0:0:
448,192,189224,1,0,0:0:0:0:
64,192,189567,1,0,0:0:0:0:
64,192,189910,1,0,0:0:0:0:
320,192,190253,1,0,0:0:0:0:
192,192,190510,1,0,0:0:0:0:
320,192,190767,1,0,0:0:0:0:
192,192,191196,1,0,0:0:0:0:
448,192,191453,1,0,0:0:0:0:
64,192,191624,1,0,0:0:0:0:
192,192,191796,1,0,0:0:0:0:
320,192,191967,128,0,192310:0:0:0:0:
64,192,192310,1,0,0:0:0:0:
192,192,192653,1,0,0:0:0:0:
448,192,192996,1,0,0:0:0:0:
192,192,193338,1,0,0:0:0:0:
320,192,193681,1,0,0:0:0:0:
64,192,194024,1,0,0:0:0:0:
320,192,194367,1,0,0:0:0:0:
192,192,194538,1,0,0:0:0:0:
448,192,194710,1,0,0:0:0:0:
64,192,195053,1,0,0:0:0:0:
320,192,195224,1,0,0:0:0:0:
192,192,195396,1,0,0:0:0:0:
448,192,195738,1,0,0:0:0:0:
192,192,195996,1,0,0:0:0:0:
448,192,196253,1,0,0:0:0:0:
64,192,196596,1,0,0:0:0:0:
448,192,196767,1,0,0:0:0:0:
192,192,197110,1,0,0:0:0:0:
64,192,197453,1,0,0:0:0:0:
320,192,197796,1,0,0:0:0:0:
192,192,198138,1,0,0:0:0:0:
448,192,198481,128,0,198824:0:0:0:0:
448,192,199853,1,0,0:0:0:0:
64,192,200196,1,0,0:0:0:0:
320,192,200538,1,0,0:0:0:0:
192,192,200710,1,0,0:0:0:0:
64,192,200881,1,0,0:0:0:0:
448,192,201224,1,0,0:0:0:0:
192,192,201567,1,0,0:0:0:0:
320,192,201910,1,0,0:0:0:0:
64,192,202253,1,0,0:0:0:0:
448,192,202596,1,0,0:0:0:0:
192,192,202938,1,0,0:0:0:0:
320,192,203281,1,0,0:0:0:0:
448,192,203453,1,0,0:0:0:0:
64,192,203624,1,0,0:0:0:0:
320,192,203967,1,0,0:0:0:0:
192,192,204310,1,0,0:0:0:0:
448,192,204653,1,0,0:0:0:0:
64,192,204996,1,0,0:0:0:0:
448,192,205338,128,0,205681:0:0:0:0:
320,192,205681,1,0,0:0:0:0:
320,192,206024,128,0,206367:0:0:0:0:
192,192,206367,1,0,0:0:0:0:
192,192,206710,128,0,207053:0:0:0:0:
448,192,207053,1,0,0:0:0:0:
320,192,207224,1,0,0:0:0:0:
192,192,207396,128,0,207738:0:0:0:0:
448,192,207738,128,0,208081:0:0:0:0:
192,192,208081,1,0,0:0:0:0:
64,192,208424,1,0,0:0:0:0:
448,192,208767,1,0,0:0:0:0:
320,192,209110,128,0,209453:0:0:0:0:
192,192,209453,1,0,0:0:0:0:
64,192,210138,1,0,0:0:0:0:
448,192,210824,1,0,0:0:0:0:
192,192,211510,1,0,0:0:0:0:
320,192,212196,1,0,0:0:0:0:
320,192,212710,1,0,0:0:0:0:
192,192,213224,1,0,0:0:0:0:
64,192,213567,1,0,0:0:0:0:
448,192,214253,1,0,0:0:0:0:
192,192,214938,1,0,0:0:0:0:
320,192,215624,1,0,0:0:0:0:
